id:ID,:LABEL,fullName,simpleName,color,dependencyProfileCategory,cohesion
k9mail,Domain,k9mail,k9mail,#666666,,
k9mail-app,Application,k9mail-app,k9mail-app,#666666,,
com.fsck.k9.service,Sublayer,com.fsck.k9.service,service,#666666,,
com.fsck.k9.view,Sublayer,com.fsck.k9.view,view,#666666,,
com.fsck.k9.search,Sublayer,com.fsck.k9.search,search,#666666,,
com.fsck.k9.ui.compose,Sublayer,com.fsck.k9.ui.compose,compose,#666666,,
com.fsck.k9.message,Sublayer,com.fsck.k9.message,message,#666666,,
com.fsck.k9.ui.message,Sublayer,com.fsck.k9.ui.message,message,#666666,,
com.fsck.k9.provider,Sublayer,com.fsck.k9.provider,provider,#666666,,
com.fsck.k9.fragment,Sublayer,com.fsck.k9.fragment,fragment,#666666,,
com.fsck.k9.activity.misc,Sublayer,com.fsck.k9.activity.misc,misc,#666666,,
com.fsck.k9.mailstore,Sublayer,com.fsck.k9.mailstore,mailstore,#666666,,
com.fsck.k9.controller,Sublayer,com.fsck.k9.controller,controller,#666666,,
com.fsck.k9.ui.dialog,Sublayer,com.fsck.k9.ui.dialog,dialog,#666666,,
com.fsck.k9.ui.crypto,Sublayer,com.fsck.k9.ui.crypto,crypto,#666666,,
com.fsck.k9.activity.compose,Sublayer,com.fsck.k9.activity.compose,compose,#666666,,
com.fsck.k9.widget.list,Sublayer,com.fsck.k9.widget.list,list,#666666,,
com.fsck.k9.preferences,Sublayer,com.fsck.k9.preferences,preferences,#666666,,
com.fsck.k9.remotecontrol,Sublayer,com.fsck.k9.remotecontrol,remotecontrol,#666666,,
com.fsck.k9.helper.jsoup,Sublayer,com.fsck.k9.helper.jsoup,jsoup,#666666,,
com.fsck.k9.activity.setup,Sublayer,com.fsck.k9.activity.setup,setup,#666666,,
com.fsck.k9.autocrypt,Sublayer,com.fsck.k9.autocrypt,autocrypt,#666666,,
com.fsck.k9.crypto,Sublayer,com.fsck.k9.crypto,crypto,#666666,,
com.fsck.k9,Sublayer,com.fsck.k9,k9,#666666,,
com.fsck.k9.cache,Sublayer,com.fsck.k9.cache,cache,#666666,,
com.fsck.k9.power,Sublayer,com.fsck.k9.power,power,#666666,,
com.fsck.k9.notification,Sublayer,com.fsck.k9.notification,notification,#666666,,
com.fsck.k9.mailstore.util,Sublayer,com.fsck.k9.mailstore.util,util,#666666,,
com.fsck.k9.activity.loader,Sublayer,com.fsck.k9.activity.loader,loader,#666666,,
com.fsck.k9.message.extractors,Sublayer,com.fsck.k9.message.extractors,extractors,#666666,,
com.fsck.k9.mailstore.migrations,Sublayer,com.fsck.k9.mailstore.migrations,migrations,#666666,,
com.fsck.k9.account,Sublayer,com.fsck.k9.account,account,#666666,,
com.fsck.k9.setup,Sublayer,com.fsck.k9.setup,setup,#666666,,
com.fsck.k9.ui.messageview,Sublayer,com.fsck.k9.ui.messageview,messageview,#666666,,
com.fsck.k9.message.signature,Sublayer,com.fsck.k9.message.signature,signature,#666666,,
com.fsck.k9.helper,Sublayer,com.fsck.k9.helper,helper,#666666,,
com.fsck.k9.message.html,Sublayer,com.fsck.k9.message.html,html,#666666,,
com.fsck.k9.activity,Sublayer,com.fsck.k9.activity,activity,#666666,,
com.fsck.k9.message.quote,Sublayer,com.fsck.k9.message.quote,quote,#666666,,
com.fsck.k9.ui,Sublayer,com.fsck.k9.ui,ui,#666666,,
com.fsck.k9.mailstore.migrations.MigrationTo31,Module,com.fsck.k9.mailstore.migrations.MigrationTo31,MigrationTo31,#cccccc,,
com.fsck.k9.activity.setup.AccountSettings,Module,com.fsck.k9.activity.setup.AccountSettings,AccountSettings,#cccccc,transit,
com.fsck.k9.fragment.MessageListFragment$FolderOperation,Module,com.fsck.k9.fragment.MessageListFragment$FolderOperation,FolderOperation,#cccccc,,
com.fsck.k9.provider.AttachmentTempFileProvider$AttachmentTempFileProviderCleanupReceiver,Module,com.fsck.k9.provider.AttachmentTempFileProvider$AttachmentTempFileProviderCleanupReceiver,AttachmentTempFileProviderCleanupReceiver,#cccccc,hidden,
com.fsck.k9.provider.DecryptedFileProvider,Module,com.fsck.k9.provider.DecryptedFileProvider,DecryptedFileProvider,#cccccc,inbound,
com.fsck.k9.mailstore.StorageManager$HtcIncredibleStorageProvider,Module,com.fsck.k9.mailstore.StorageManager$HtcIncredibleStorageProvider,HtcIncredibleStorageProvider,#cccccc,hidden,
com.fsck.k9.controller.UnavailableAccountException,Module,com.fsck.k9.controller.UnavailableAccountException,UnavailableAccountException,#cccccc,,
com.fsck.k9.mailstore.FileBackedBody,Module,com.fsck.k9.mailstore.FileBackedBody,FileBackedBody,#cccccc,hidden,
com.fsck.k9.mailstore.migrations.MigrationTo57,Module,com.fsck.k9.mailstore.migrations.MigrationTo57,MigrationTo57,#cccccc,,
com.fsck.k9.view.MessageCryptoStatusView,Module,com.fsck.k9.view.MessageCryptoStatusView,MessageCryptoStatusView,#cccccc,hidden,
com.fsck.k9.activity.K9PreferenceActivity$PreferenceChangeListener,Module,com.fsck.k9.activity.K9PreferenceActivity$PreferenceChangeListener,PreferenceChangeListener,#cccccc,,
com.fsck.k9.mailstore.migrations.MigrationTo44,Module,com.fsck.k9.mailstore.migrations.MigrationTo44,MigrationTo44,#cccccc,,
com.fsck.k9.mailstore.LockableDatabase$SchemaDefinition,Module,com.fsck.k9.mailstore.LockableDatabase$SchemaDefinition,SchemaDefinition,#cccccc,,
com.fsck.k9.mailstore.StorageManager,Module,com.fsck.k9.mailstore.StorageManager,StorageManager,#cccccc,inbound,
com.fsck.k9.view.CryptoModeSelector,Module,com.fsck.k9.view.CryptoModeSelector,CryptoModeSelector,#cccccc,,
com.fsck.k9.mailstore.migrations.MigrationTo32,Module,com.fsck.k9.mailstore.migrations.MigrationTo32,MigrationTo32,#cccccc,,
com.fsck.k9.ui.compose.QuotedMessagePresenter,Module,com.fsck.k9.ui.compose.QuotedMessagePresenter,QuotedMessagePresenter,#cccccc,transit,
com.fsck.k9.mailstore.LocalStore$BatchSetSelection,Module,com.fsck.k9.mailstore.LocalStore$BatchSetSelection,BatchSetSelection,#cccccc,hidden,
com.fsck.k9.controller.MessagingControllerCommands,Module,com.fsck.k9.controller.MessagingControllerCommands,MessagingControllerCommands,#cccccc,,
com.fsck.k9.provider.MessageProvider$PreviewExtractor,Module,com.fsck.k9.provider.MessageProvider$PreviewExtractor,PreviewExtractor,#cccccc,outbound,
com.fsck.k9.helper.Utility,Module,com.fsck.k9.helper.Utility,Utility,#cccccc,transit,
com.fsck.k9.ui.messageview.MessageViewFragment,Module,com.fsck.k9.ui.messageview.MessageViewFragment,MessageViewFragment,#cccccc,transit,
com.fsck.k9.K9$NotificationQuickDelete,Module,com.fsck.k9.K9$NotificationQuickDelete,NotificationQuickDelete,#cccccc,,
com.fsck.k9.view.RecipientSelectView,Module,com.fsck.k9.view.RecipientSelectView,RecipientSelectView,#cccccc,transit,
com.fsck.k9.mailstore.LocalPart,Module,com.fsck.k9.mailstore.LocalPart,LocalPart,#cccccc,,
com.fsck.k9.view.ViewSwitcher$OnSwitchCompleteListener,Module,com.fsck.k9.view.ViewSwitcher$OnSwitchCompleteListener,OnSwitchCompleteListener,#cccccc,hidden,
com.fsck.k9.account.AccountCreator,Module,com.fsck.k9.account.AccountCreator,AccountCreator,#cccccc,,
com.fsck.k9.message.extractors.MessageFulltextCreator,Module,com.fsck.k9.message.extractors.MessageFulltextCreator,MessageFulltextCreator,#cccccc,outbound,
com.fsck.k9.remotecontrol.AccountReceiver,Module,com.fsck.k9.remotecontrol.AccountReceiver,AccountReceiver,#cccccc,hidden,
com.fsck.k9.mailstore.migrations.MigrationTo58,Module,com.fsck.k9.mailstore.migrations.MigrationTo58,MigrationTo58,#cccccc,hidden,
com.fsck.k9.mailstore.migrations.MigrationTo45,Module,com.fsck.k9.mailstore.migrations.MigrationTo45,MigrationTo45,#cccccc,,
com.fsck.k9.service.PollService,Module,com.fsck.k9.service.PollService,PollService,#cccccc,outbound,
com.fsck.k9.activity.MessageLoaderHelper,Module,com.fsck.k9.activity.MessageLoaderHelper,MessageLoaderHelper,#cccccc,transit,
com.fsck.k9.activity.compose.AttachmentPresenter$AttachmentMvpView,Module,com.fsck.k9.activity.compose.AttachmentPresenter$AttachmentMvpView,AttachmentMvpView,#cccccc,hidden,
com.fsck.k9.message.MessageBuilder$Callback,Module,com.fsck.k9.message.MessageBuilder$Callback,Callback,#cccccc,hidden,
com.fsck.k9.fragment.MessageListFragmentComparators$SenderComparator,Module,com.fsck.k9.fragment.MessageListFragmentComparators$SenderComparator,SenderComparator,#cccccc,hidden,
com.fsck.k9.preferences.Settings$IntegerRangeSetting,Module,com.fsck.k9.preferences.Settings$IntegerRangeSetting,IntegerRangeSetting,#cccccc,hidden,
com.fsck.k9.message.html.HeadCleaner,Module,com.fsck.k9.message.html.HeadCleaner,HeadCleaner,#cccccc,hidden,
com.fsck.k9.preferences.Settings$BooleanSetting,Module,com.fsck.k9.preferences.Settings$BooleanSetting,BooleanSetting,#cccccc,hidden,
com.fsck.k9.mailstore.migrations.MigrationTo33,Module,com.fsck.k9.mailstore.migrations.MigrationTo33,MigrationTo33,#cccccc,,
com.fsck.k9.activity.compose.SaveMessageTask,Module,com.fsck.k9.activity.compose.SaveMessageTask,SaveMessageTask,#cccccc,outbound,
com.fsck.k9.activity.compose.RecipientPresenter$CryptoMode,Module,com.fsck.k9.activity.compose.RecipientPresenter$CryptoMode,CryptoMode,#cccccc,,
com.fsck.k9.notification.NotificationIds,Module,com.fsck.k9.notification.NotificationIds,NotificationIds,#cccccc,outbound,
com.fsck.k9.activity.Accounts$ImportSelectionDialog,Module,com.fsck.k9.activity.Accounts$ImportSelectionDialog,ImportSelectionDialog,#cccccc,hidden,
com.fsck.k9.activity.misc.ContactPictureLoader$FallbackGlideModelLoader,Module,com.fsck.k9.activity.misc.ContactPictureLoader$FallbackGlideModelLoader,FallbackGlideModelLoader,#cccccc,hidden,
com.fsck.k9.Account$QuoteStyle,Module,com.fsck.k9.Account$QuoteStyle,QuoteStyle,#cccccc,,
com.fsck.k9.view.MessageHeader,Module,com.fsck.k9.view.MessageHeader,MessageHeader,#cccccc,transit,
com.fsck.k9.ui.messageview.MessageContainerView$OnRenderingFinishedListener,Module,com.fsck.k9.ui.messageview.MessageContainerView$OnRenderingFinishedListener,OnRenderingFinishedListener,#cccccc,,
com.fsck.k9.K9,Module,com.fsck.k9.K9,K9,#cccccc,transit,
com.fsck.k9.notification.NotificationGroupKeys,Module,com.fsck.k9.notification.NotificationGroupKeys,NotificationGroupKeys,#cccccc,outbound,
com.fsck.k9.view.LinearViewAnimator,Module,com.fsck.k9.view.LinearViewAnimator,LinearViewAnimator,#cccccc,hidden,
com.fsck.k9.activity.MessageLoaderHelper$MessageLoaderCallbacks,Module,com.fsck.k9.activity.MessageLoaderHelper$MessageLoaderCallbacks,MessageLoaderCallbacks,#cccccc,hidden,
com.fsck.k9.mailstore.migrations.MigrationTo59,Module,com.fsck.k9.mailstore.migrations.MigrationTo59,MigrationTo59,#cccccc,hidden,
com.fsck.k9.mailstore.migrations.MigrationTo46,Module,com.fsck.k9.mailstore.migrations.MigrationTo46,MigrationTo46,#cccccc,hidden,
com.fsck.k9.activity.Accounts$ExportAsyncTask,Module,com.fsck.k9.activity.Accounts$ExportAsyncTask,ExportAsyncTask,#cccccc,outbound,
com.fsck.k9.mailstore.util.DeferredFileOutputStream,Module,com.fsck.k9.mailstore.util.DeferredFileOutputStream,DeferredFileOutputStream,#cccccc,inbound,
com.fsck.k9.helper.SimpleTextWatcher,Module,com.fsck.k9.helper.SimpleTextWatcher,SimpleTextWatcher,#cccccc,,
com.fsck.k9.message.AutocryptStatusInteractor,Module,com.fsck.k9.message.AutocryptStatusInteractor,AutocryptStatusInteractor,#cccccc,hidden,
com.fsck.k9.mailstore.MessageViewInfoExtractor$ViewableExtractedText,Module,com.fsck.k9.mailstore.MessageViewInfoExtractor$ViewableExtractedText,ViewableExtractedText,#cccccc,,
com.fsck.k9.activity.misc.ContactPictureLoader$FallbackGlideBitmapDecoder,Module,com.fsck.k9.activity.misc.ContactPictureLoader$FallbackGlideBitmapDecoder,FallbackGlideBitmapDecoder,#cccccc,hidden,
com.fsck.k9.mailstore.AttachmentResolver,Module,com.fsck.k9.mailstore.AttachmentResolver,AttachmentResolver,#cccccc,transit,
com.fsck.k9.message.quote.TextQuoteCreator,Module,com.fsck.k9.message.quote.TextQuoteCreator,TextQuoteCreator,#cccccc,outbound,
com.fsck.k9.preferences.GlobalSettings$SubThemeSetting,Module,com.fsck.k9.preferences.GlobalSettings$SubThemeSetting,SubThemeSetting,#cccccc,hidden,
com.fsck.k9.mailstore.migrations.MigrationTo60$OldPendingCommand,Module,com.fsck.k9.mailstore.migrations.MigrationTo60$OldPendingCommand,OldPendingCommand,#cccccc,,
com.fsck.k9.helper.jsoup.NodeFilter,Module,com.fsck.k9.helper.jsoup.NodeFilter,NodeFilter,#cccccc,hidden,
com.fsck.k9.activity.compose.PgpInlineDialog$OnOpenPgpInlineChangeListener,Module,com.fsck.k9.activity.compose.PgpInlineDialog$OnOpenPgpInlineChangeListener,OnOpenPgpInlineChangeListener,#cccccc,hidden,
com.fsck.k9.mailstore.migrations.MigrationTo48,Module,com.fsck.k9.mailstore.migrations.MigrationTo48,MigrationTo48,#cccccc,,
com.fsck.k9.provider.EmailProvider$IdTrickeryCursor,Module,com.fsck.k9.provider.EmailProvider$IdTrickeryCursor,IdTrickeryCursor,#cccccc,,
com.fsck.k9.mailstore.migrations.MigrationTo47,Module,com.fsck.k9.mailstore.migrations.MigrationTo47,MigrationTo47,#cccccc,,
com.fsck.k9.view.ColorChip,Module,com.fsck.k9.view.ColorChip,ColorChip,#cccccc,,
com.fsck.k9.PRNGFixes,Module,com.fsck.k9.PRNGFixes,PRNGFixes,#cccccc,hidden,
com.fsck.k9.controller.MemorizingMessagingListener$MemorizingState,Module,com.fsck.k9.controller.MemorizingMessagingListener$MemorizingState,MemorizingState,#cccccc,,
com.fsck.k9.service.RemoteControlReceiver,Module,com.fsck.k9.service.RemoteControlReceiver,RemoteControlReceiver,#cccccc,hidden,
com.fsck.k9.message.ComposePgpEnableByDefaultDecider,Module,com.fsck.k9.message.ComposePgpEnableByDefaultDecider,ComposePgpEnableByDefaultDecider,#cccccc,outbound,
com.fsck.k9.mailstore.StorageManager$StorageProvider,Module,com.fsck.k9.mailstore.StorageManager$StorageProvider,StorageProvider,#cccccc,hidden,
com.fsck.k9.mailstore.migrations.MigrationTo34,Module,com.fsck.k9.mailstore.migrations.MigrationTo34,MigrationTo34,#cccccc,,
com.fsck.k9.activity.setup.AccountSetupCheckSettings,Module,com.fsck.k9.activity.setup.AccountSetupCheckSettings,AccountSetupCheckSettings,#cccccc,outbound,
com.fsck.k9.mailstore.CryptoResultAnnotation,Module,com.fsck.k9.mailstore.CryptoResultAnnotation,CryptoResultAnnotation,#cccccc,inbound,
com.fsck.k9.activity.compose.PgpEnabledErrorDialog$OnOpenPgpDisableListener,Module,com.fsck.k9.activity.compose.PgpEnabledErrorDialog$OnOpenPgpDisableListener,OnOpenPgpDisableListener,#cccccc,hidden,
com.fsck.k9.activity.ManageIdentities,Module,com.fsck.k9.activity.ManageIdentities,ManageIdentities,#cccccc,outbound,
com.fsck.k9.mailstore.BinaryAttachmentBody,Module,com.fsck.k9.mailstore.BinaryAttachmentBody,BinaryAttachmentBody,#cccccc,hidden,
com.fsck.k9.mailstore.LocalStore$AttachmentInfo,Module,com.fsck.k9.mailstore.LocalStore$AttachmentInfo,AttachmentInfo,#cccccc,,
com.fsck.k9.preferences.GlobalSettings$TimeSetting,Module,com.fsck.k9.preferences.GlobalSettings$TimeSetting,TimeSetting,#cccccc,hidden,
com.fsck.k9.controller.MessagingController$Command,Module,com.fsck.k9.controller.MessagingController$Command,Command,#cccccc,,
com.fsck.k9.helper.IdentityHelper,Module,com.fsck.k9.helper.IdentityHelper,IdentityHelper,#cccccc,outbound,
com.fsck.k9.preferences.TimePickerPreference,Module,com.fsck.k9.preferences.TimePickerPreference,TimePickerPreference,#cccccc,hidden,
com.fsck.k9.activity.setup.OpenPgpAppSelectDialog,Module,com.fsck.k9.activity.setup.OpenPgpAppSelectDialog,OpenPgpAppSelectDialog,#cccccc,outbound,
com.fsck.k9.activity.misc.Attachment$LoadingState,Module,com.fsck.k9.activity.misc.Attachment$LoadingState,LoadingState,#cccccc,,
com.fsck.k9.fragment.MlfUtils,Module,com.fsck.k9.fragment.MlfUtils,MlfUtils,#cccccc,outbound,
com.fsck.k9.ui.messageview.MessageCryptoPresenter,Module,com.fsck.k9.ui.messageview.MessageCryptoPresenter,MessageCryptoPresenter,#cccccc,outbound,
com.fsck.k9.mailstore.migrations.MigrationTo53,Module,com.fsck.k9.mailstore.migrations.MigrationTo53,MigrationTo53,#cccccc,,
com.fsck.k9.activity.setup.AccountSettings$PopulateFolderPrefsTask,Module,com.fsck.k9.activity.setup.AccountSettings$PopulateFolderPrefsTask,PopulateFolderPrefsTask,#cccccc,outbound,
com.fsck.k9.provider.MessageProvider$SenderAddressExtractor,Module,com.fsck.k9.provider.MessageProvider$SenderAddressExtractor,SenderAddressExtractor,#cccccc,,
com.fsck.k9.ui.crypto.MessageCryptoCallback,Module,com.fsck.k9.ui.crypto.MessageCryptoCallback,MessageCryptoCallback,#cccccc,hidden,
com.fsck.k9.mailstore.migrations.MigrationTo40,Module,com.fsck.k9.mailstore.migrations.MigrationTo40,MigrationTo40,#cccccc,,
com.fsck.k9.controller.MessagingControllerCommands$PendingAppend,Module,com.fsck.k9.controller.MessagingControllerCommands$PendingAppend,PendingAppend,#cccccc,inbound,
com.fsck.k9.activity.ChooseAccount,Module,com.fsck.k9.activity.ChooseAccount,ChooseAccount,#cccccc,outbound,
com.fsck.k9.crypto.MessageCryptoStructureDetector,Module,com.fsck.k9.crypto.MessageCryptoStructureDetector,MessageCryptoStructureDetector,#cccccc,transit,
com.fsck.k9.mailstore.migrations.Migrations,Module,com.fsck.k9.mailstore.migrations.Migrations,Migrations,#cccccc,hidden,
com.fsck.k9.controller.MessagingController,Module,com.fsck.k9.controller.MessagingController,MessagingController,#cccccc,transit,
com.fsck.k9.mailstore.LocalMimeMessage,Module,com.fsck.k9.mailstore.LocalMimeMessage,LocalMimeMessage,#cccccc,,
com.fsck.k9.provider.MessageProvider$ReverseDateComparator,Module,com.fsck.k9.provider.MessageProvider$ReverseDateComparator,ReverseDateComparator,#cccccc,,
com.fsck.k9.view.K9WebViewClient$LollipopWebViewClient,Module,com.fsck.k9.view.K9WebViewClient$LollipopWebViewClient,LollipopWebViewClient,#cccccc,hidden,
com.fsck.k9.provider.MessageProvider$FieldExtractor,Module,com.fsck.k9.provider.MessageProvider$FieldExtractor,FieldExtractor,#cccccc,,
com.fsck.k9.provider.MessageProvider$MessagesQueryHandler,Module,com.fsck.k9.provider.MessageProvider$MessagesQueryHandler,MessagesQueryHandler,#cccccc,outbound,
com.fsck.k9.fragment.MessageListFragmentComparators$ArrivalComparator,Module,com.fsck.k9.fragment.MessageListFragmentComparators$ArrivalComparator,ArrivalComparator,#cccccc,,
com.fsck.k9.activity.compose.RecipientMvpView$CryptoStatusDisplayType,Module,com.fsck.k9.activity.compose.RecipientMvpView$CryptoStatusDisplayType,CryptoStatusDisplayType,#cccccc,,
com.fsck.k9.message.signature.HtmlSignatureRemover,Module,com.fsck.k9.message.signature.HtmlSignatureRemover,HtmlSignatureRemover,#cccccc,outbound,
com.fsck.k9.fragment.MLFProjectionInfo,Module,com.fsck.k9.fragment.MLFProjectionInfo,MLFProjectionInfo,#cccccc,,
com.fsck.k9.activity.Accounts$SetPasswordsAsyncTask,Module,com.fsck.k9.activity.Accounts$SetPasswordsAsyncTask,SetPasswordsAsyncTask,#cccccc,outbound,
com.fsck.k9.view.K9WebViewClient$PreLollipopWebViewClient,Module,com.fsck.k9.view.K9WebViewClient$PreLollipopWebViewClient,PreLollipopWebViewClient,#cccccc,hidden,
com.fsck.k9.preferences.GlobalSettings$SettingsUpgraderV12,Module,com.fsck.k9.preferences.GlobalSettings$SettingsUpgraderV12,SettingsUpgraderV12,#cccccc,,
com.fsck.k9.mailstore.migrations.MigrationTo54,Module,com.fsck.k9.mailstore.migrations.MigrationTo54,MigrationTo54,#cccccc,,
com.fsck.k9.mailstore.migrations.MigrationTo41,Module,com.fsck.k9.mailstore.migrations.MigrationTo41,MigrationTo41,#cccccc,outbound,
com.fsck.k9.fragment.MessageListHandler,Module,com.fsck.k9.fragment.MessageListHandler,MessageListHandler,#cccccc,hidden,
com.fsck.k9.widget.list.MessageListWidgetService,Module,com.fsck.k9.widget.list.MessageListWidgetService,MessageListWidgetService,#cccccc,,
com.fsck.k9.Throttle$MyTimerTask$HandlerRunnable,Module,com.fsck.k9.Throttle$MyTimerTask$HandlerRunnable,HandlerRunnable,#cccccc,,
com.fsck.k9.controller.ProgressBodyFactory$ProgressListener,Module,com.fsck.k9.controller.ProgressBodyFactory$ProgressListener,ProgressListener,#cccccc,hidden,
com.fsck.k9.helper.UnreadWidgetProperties$Type,Module,com.fsck.k9.helper.UnreadWidgetProperties$Type,Type,#cccccc,,
com.fsck.k9.setup.ServerNameSuggester,Module,com.fsck.k9.setup.ServerNameSuggester,ServerNameSuggester,#cccccc,,
com.fsck.k9.mailstore.MimePartStreamParser,Module,com.fsck.k9.mailstore.MimePartStreamParser,MimePartStreamParser,#cccccc,inbound,
com.fsck.k9.mailstore.LockableDatabase,Module,com.fsck.k9.mailstore.LockableDatabase,LockableDatabase,#cccccc,inbound,
com.fsck.k9.activity.compose.ComposeCryptoStatus$ComposeCryptoStatusBuilder,Module,com.fsck.k9.activity.compose.ComposeCryptoStatus$ComposeCryptoStatusBuilder,ComposeCryptoStatusBuilder,#cccccc,,
com.fsck.k9.preferences.GlobalSettings$DirectorySetting,Module,com.fsck.k9.preferences.GlobalSettings$DirectorySetting,DirectorySetting,#cccccc,hidden,
com.fsck.k9.activity.ChooseFolder$ChooseFolderHandler,Module,com.fsck.k9.activity.ChooseFolder$ChooseFolderHandler,ChooseFolderHandler,#cccccc,,
com.fsck.k9.provider.MessageProvider$MonitoredCursor,Module,com.fsck.k9.provider.MessageProvider$MonitoredCursor,MonitoredCursor,#cccccc,hidden,
com.fsck.k9.Throttle$MyTimerTask,Module,com.fsck.k9.Throttle$MyTimerTask,MyTimerTask,#cccccc,hidden,
com.fsck.k9.mailstore.DatabasePreviewType,Module,com.fsck.k9.mailstore.DatabasePreviewType,DatabasePreviewType,#cccccc,inbound,
com.fsck.k9.helper.SizeFormatter,Module,com.fsck.k9.helper.SizeFormatter,SizeFormatter,#cccccc,inbound,
com.fsck.k9.mailstore.migrations.MigrationTo55,Module,com.fsck.k9.mailstore.migrations.MigrationTo55,MigrationTo55,#cccccc,outbound,
com.fsck.k9.provider.MessageProvider$AccountNumberExtractor,Module,com.fsck.k9.provider.MessageProvider$AccountNumberExtractor,AccountNumberExtractor,#cccccc,outbound,
com.fsck.k9.Account$MessageFormat,Module,com.fsck.k9.Account$MessageFormat,MessageFormat,#cccccc,,
com.fsck.k9.mailstore.migrations.MigrationTo42,Module,com.fsck.k9.mailstore.migrations.MigrationTo42,MigrationTo42,#cccccc,outbound,
com.fsck.k9.notification.NewMailNotifications,Module,com.fsck.k9.notification.NewMailNotifications,NewMailNotifications,#cccccc,outbound,
com.fsck.k9.notification.NotificationContentCreator,Module,com.fsck.k9.notification.NotificationContentCreator,NotificationContentCreator,#cccccc,outbound,
com.fsck.k9.activity.MessageReferenceHelper,Module,com.fsck.k9.activity.MessageReferenceHelper,MessageReferenceHelper,#cccccc,inbound,
com.fsck.k9.activity.misc.SwipeGestureDetector,Module,com.fsck.k9.activity.misc.SwipeGestureDetector,SwipeGestureDetector,#cccccc,hidden,
com.fsck.k9.view.NonLockingScrollView,Module,com.fsck.k9.view.NonLockingScrollView,NonLockingScrollView,#cccccc,hidden,
com.fsck.k9.activity.MessageList,Module,com.fsck.k9.activity.MessageList,MessageList,#cccccc,outbound,
com.fsck.k9.fragment.ConfirmationDialogFragment$ConfirmationDialogFragmentListener,Module,com.fsck.k9.fragment.ConfirmationDialogFragment$ConfirmationDialogFragmentListener,ConfirmationDialogFragmentListener,#cccccc,,
com.fsck.k9.mailstore.migrations.MigrationTo30,Module,com.fsck.k9.mailstore.migrations.MigrationTo30,MigrationTo30,#cccccc,,
com.fsck.k9.fragment.MessageListFragment,Module,com.fsck.k9.fragment.MessageListFragment,MessageListFragment,#cccccc,transit,
com.fsck.k9.activity.FolderList$FolderListHandler,Module,com.fsck.k9.activity.FolderList$FolderListHandler,FolderListHandler,#cccccc,outbound,
com.fsck.k9.widget.list.MessageListRemoteViewFactory,Module,com.fsck.k9.widget.list.MessageListRemoteViewFactory,MessageListRemoteViewFactory,#cccccc,outbound,
com.fsck.k9.search.LocalSearch,Module,com.fsck.k9.search.LocalSearch,LocalSearch,#cccccc,inbound,
com.fsck.k9.activity.ConfirmationDialog,Module,com.fsck.k9.activity.ConfirmationDialog,ConfirmationDialog,#cccccc,hidden,
com.fsck.k9.service.StorageReceiver,Module,com.fsck.k9.service.StorageReceiver,StorageReceiver,#cccccc,outbound,
com.fsck.k9.mailstore.util.FlowedMessageUtils,Module,com.fsck.k9.mailstore.util.FlowedMessageUtils,FlowedMessageUtils,#cccccc,inbound,
com.fsck.k9.view.RecipientSelectView$Recipient,Module,com.fsck.k9.view.RecipientSelectView$Recipient,Recipient,#cccccc,inbound,
com.fsck.k9.activity.setup.SpinnerOption,Module,com.fsck.k9.activity.setup.SpinnerOption,SpinnerOption,#cccccc,,
com.fsck.k9.preferences.FolderSettings,Module,com.fsck.k9.preferences.FolderSettings,FolderSettings,#cccccc,hidden,
com.fsck.k9.mailstore.migrations.MigrationTo56,Module,com.fsck.k9.mailstore.migrations.MigrationTo56,MigrationTo56,#cccccc,hidden,
com.fsck.k9.controller.MessagingListener,Module,com.fsck.k9.controller.MessagingListener,MessagingListener,#cccccc,hidden,
com.fsck.k9.mailstore.migrations.MigrationTo43,Module,com.fsck.k9.mailstore.migrations.MigrationTo43,MigrationTo43,#cccccc,outbound,
com.fsck.k9.activity.Accounts$PasswordPromptDialog,Module,com.fsck.k9.activity.Accounts$PasswordPromptDialog,PasswordPromptDialog,#cccccc,outbound,
com.fsck.k9.activity.setup.AccountSetupIncoming,Module,com.fsck.k9.activity.setup.AccountSetupIncoming,AccountSetupIncoming,#cccccc,outbound,
com.fsck.k9.activity.compose.PgpEnabledErrorDialog,Module,com.fsck.k9.activity.compose.PgpEnabledErrorDialog,PgpEnabledErrorDialog,#cccccc,outbound,
com.fsck.k9.ui.messageview.MessageContainerView$SavedState,Module,com.fsck.k9.ui.messageview.MessageContainerView$SavedState,SavedState,#cccccc,,
com.fsck.k9.mailstore.StorageManager$SynchronizationAid,Module,com.fsck.k9.mailstore.StorageManager$SynchronizationAid,SynchronizationAid,#cccccc,,
com.fsck.k9.message.QuotedTextMode,Module,com.fsck.k9.message.QuotedTextMode,QuotedTextMode,#cccccc,,
com.fsck.k9.ui.crypto.OpenPgpApiFactory,Module,com.fsck.k9.ui.crypto.OpenPgpApiFactory,OpenPgpApiFactory,#cccccc,hidden,
com.fsck.k9.K9$ApplicationAware,Module,com.fsck.k9.K9$ApplicationAware,ApplicationAware,#cccccc,hidden,
com.fsck.k9.message.extractors.EncryptionDetector,Module,com.fsck.k9.message.extractors.EncryptionDetector,EncryptionDetector,#cccccc,outbound,
com.fsck.k9.message.ComposePgpInlineDecider,Module,com.fsck.k9.message.ComposePgpInlineDecider,ComposePgpInlineDecider,#cccccc,outbound,
com.fsck.k9.ui.messageview.AttachmentViewCallback,Module,com.fsck.k9.ui.messageview.AttachmentViewCallback,AttachmentViewCallback,#cccccc,hidden,
com.fsck.k9.view.MessageCryptoDisplayStatus,Module,com.fsck.k9.view.MessageCryptoDisplayStatus,MessageCryptoDisplayStatus,#cccccc,transit,
com.fsck.k9.helper.Contacts,Module,com.fsck.k9.helper.Contacts,Contacts,#cccccc,inbound,
com.fsck.k9.activity.compose.ComposeCryptoStatus$SendErrorState,Module,com.fsck.k9.activity.compose.ComposeCryptoStatus$SendErrorState,SendErrorState,#cccccc,,
com.fsck.k9.provider.EmailProvider$ThreadColumns,Module,com.fsck.k9.provider.EmailProvider$ThreadColumns,ThreadColumns,#cccccc,,
com.fsck.k9.preferences.IdentitySettings$SignatureSetting,Module,com.fsck.k9.preferences.IdentitySettings$SignatureSetting,SignatureSetting,#cccccc,hidden,
com.fsck.k9.preferences.Settings$FontSizeSetting,Module,com.fsck.k9.preferences.Settings$FontSizeSetting,FontSizeSetting,#cccccc,hidden,
com.fsck.k9.provider.AttachmentProvider,Module,com.fsck.k9.provider.AttachmentProvider,AttachmentProvider,#cccccc,outbound,
com.fsck.k9.message.extractors.MessagePreviewCreator,Module,com.fsck.k9.message.extractors.MessagePreviewCreator,MessagePreviewCreator,#cccccc,inbound,
com.fsck.k9.notification.NotificationHolder,Module,com.fsck.k9.notification.NotificationHolder,NotificationHolder,#cccccc,,
com.fsck.k9.mailstore.migrations.MigrationTo39,Module,com.fsck.k9.mailstore.migrations.MigrationTo39,MigrationTo39,#cccccc,,
com.fsck.k9.mailstore.CryptoResultAnnotation$CryptoError,Module,com.fsck.k9.mailstore.CryptoResultAnnotation$CryptoError,CryptoError,#cccccc,,
com.fsck.k9.view.RecipientSelectView$RecipientTokenViewHolder,Module,com.fsck.k9.view.RecipientSelectView$RecipientTokenViewHolder,RecipientTokenViewHolder,#cccccc,hidden,
com.fsck.k9.mailstore.StorageManager$StorageListener,Module,com.fsck.k9.mailstore.StorageManager$StorageListener,StorageListener,#cccccc,,
com.fsck.k9.Account$Searchable,Module,com.fsck.k9.Account$Searchable,Searchable,#cccccc,,
com.fsck.k9.message.html.BitcoinUriParser,Module,com.fsck.k9.message.html.BitcoinUriParser,BitcoinUriParser,#cccccc,,
com.fsck.k9.K9$LockScreenNotificationVisibility,Module,com.fsck.k9.K9$LockScreenNotificationVisibility,LockScreenNotificationVisibility,#cccccc,,
com.fsck.k9.fragment.MessageListFragmentComparators$ComparatorChain,Module,com.fsck.k9.fragment.MessageListFragmentComparators$ComparatorChain,ComparatorChain,#cccccc,,
com.fsck.k9.activity.MessageInfoHolder,Module,com.fsck.k9.activity.MessageInfoHolder,MessageInfoHolder,#cccccc,outbound,
com.fsck.k9.search.SqlQueryBuilder,Module,com.fsck.k9.search.SqlQueryBuilder,SqlQueryBuilder,#cccccc,transit,
com.fsck.k9.mailstore.migrations.MigrationsHelper,Module,com.fsck.k9.mailstore.migrations.MigrationsHelper,MigrationsHelper,#cccccc,hidden,
com.fsck.k9.mailstore.ThreadInfo,Module,com.fsck.k9.mailstore.ThreadInfo,ThreadInfo,#cccccc,,
com.fsck.k9.view.RecipientSelectView$TokenListener,Module,com.fsck.k9.view.RecipientSelectView$TokenListener,TokenListener,#cccccc,,
com.fsck.k9.provider.MessageProvider$AccountExtractor,Module,com.fsck.k9.provider.MessageProvider$AccountExtractor,AccountExtractor,#cccccc,outbound,
com.fsck.k9.K9$NotificationHideSubject,Module,com.fsck.k9.K9$NotificationHideSubject,NotificationHideSubject,#cccccc,,
com.fsck.k9.service.BootReceiver,Module,com.fsck.k9.service.BootReceiver,BootReceiver,#cccccc,outbound,
com.fsck.k9.preferences.Settings$StringSetting,Module,com.fsck.k9.preferences.Settings$StringSetting,StringSetting,#cccccc,hidden,
com.fsck.k9.helper.ReplyToParser$ReplyToAddresses,Module,com.fsck.k9.helper.ReplyToParser$ReplyToAddresses,ReplyToAddresses,#cccccc,,
com.fsck.k9.preferences.SettingsImporter,Module,com.fsck.k9.preferences.SettingsImporter,SettingsImporter,#cccccc,transit,
com.fsck.k9.message.quote.InsertableHtmlContent,Module,com.fsck.k9.message.quote.InsertableHtmlContent,InsertableHtmlContent,#cccccc,inbound,
com.fsck.k9.preferences.Settings$WebFontSizeSetting,Module,com.fsck.k9.preferences.Settings$WebFontSizeSetting,WebFontSizeSetting,#cccccc,hidden,
com.fsck.k9.activity.K9ListActivity,Module,com.fsck.k9.activity.K9ListActivity,K9ListActivity,#cccccc,outbound,
com.fsck.k9.message.html.UriLinkifier,Module,com.fsck.k9.message.html.UriLinkifier,UriLinkifier,#cccccc,hidden,
com.fsck.k9.service.StorageGoneReceiver,Module,com.fsck.k9.service.StorageGoneReceiver,StorageGoneReceiver,#cccccc,outbound,
com.fsck.k9.mailstore.StoreSchemaDefinition$RealMigrationsHelper,Module,com.fsck.k9.mailstore.StoreSchemaDefinition$RealMigrationsHelper,RealMigrationsHelper,#cccccc,hidden,
com.fsck.k9.service.PollService$Listener,Module,com.fsck.k9.service.PollService$Listener,Listener,#cccccc,outbound,
com.fsck.k9.controller.PendingCommandSerializer,Module,com.fsck.k9.controller.PendingCommandSerializer,PendingCommandSerializer,#cccccc,inbound,
com.fsck.k9.helper.jsoup.NodeFilter$HeadFilterDecision,Module,com.fsck.k9.helper.jsoup.NodeFilter$HeadFilterDecision,HeadFilterDecision,#cccccc,,
com.fsck.k9.ui.messageview.CryptoInfoDialog$OnClickShowCryptoKeyListener,Module,com.fsck.k9.ui.messageview.CryptoInfoDialog$OnClickShowCryptoKeyListener,OnClickShowCryptoKeyListener,#cccccc,hidden,
com.fsck.k9.view.MessageTitleView,Module,com.fsck.k9.view.MessageTitleView,MessageTitleView,#cccccc,inbound,
com.fsck.k9.message.html.HtmlSanitizer,Module,com.fsck.k9.message.html.HtmlSanitizer,HtmlSanitizer,#cccccc,hidden,
com.fsck.k9.activity.compose.ComposeCryptoStatus$AttachErrorState,Module,com.fsck.k9.activity.compose.ComposeCryptoStatus$AttachErrorState,AttachErrorState,#cccccc,,
com.fsck.k9.activity.AlternateRecipientAdapter$AlternateRecipientListener,Module,com.fsck.k9.activity.AlternateRecipientAdapter$AlternateRecipientListener,AlternateRecipientListener,#cccccc,hidden,
com.fsck.k9.activity.setup.AccountSetupCheckSettings$CheckAccountTask,Module,com.fsck.k9.activity.setup.AccountSetupCheckSettings$CheckAccountTask,CheckAccountTask,#cccccc,outbound,
com.fsck.k9.activity.setup.AccountSetupBasics$Provider,Module,com.fsck.k9.activity.setup.AccountSetupBasics$Provider,Provider,#cccccc,,
com.fsck.k9.message.html.HtmlProcessor,Module,com.fsck.k9.message.html.HtmlProcessor,HtmlProcessor,#cccccc,hidden,
com.fsck.k9.view.ViewSwitcher,Module,com.fsck.k9.view.ViewSwitcher,ViewSwitcher,#cccccc,transit,
com.fsck.k9.power.DozeChecker,Module,com.fsck.k9.power.DozeChecker,DozeChecker,#cccccc,inbound,
com.fsck.k9.preferences.StorageEditor,Module,com.fsck.k9.preferences.StorageEditor,StorageEditor,#cccccc,inbound,
com.fsck.k9.activity.UnreadWidgetConfiguration,Module,com.fsck.k9.activity.UnreadWidgetConfiguration,UnreadWidgetConfiguration,#cccccc,transit,
com.fsck.k9.service.RemoteControlService,Module,com.fsck.k9.service.RemoteControlService,RemoteControlService,#cccccc,outbound,
com.fsck.k9.EmailAddressValidator,Module,com.fsck.k9.EmailAddressValidator,EmailAddressValidator,#cccccc,inbound,
com.fsck.k9.controller.MessagingController$MessageActor,Module,com.fsck.k9.controller.MessagingController$MessageActor,MessageActor,#cccccc,hidden,
com.fsck.k9.ui.messageview.MessageViewFragment$MessageViewFragmentListener,Module,com.fsck.k9.ui.messageview.MessageViewFragment$MessageViewFragmentListener,MessageViewFragmentListener,#cccccc,hidden,
com.fsck.k9.fragment.AttachmentDownloadDialogFragment,Module,com.fsck.k9.fragment.AttachmentDownloadDialogFragment,AttachmentDownloadDialogFragment,#cccccc,outbound,
com.fsck.k9.search.ConditionsTreeNode$Operator,Module,com.fsck.k9.search.ConditionsTreeNode$Operator,Operator,#cccccc,,
com.fsck.k9.helper.ClipboardManager,Module,com.fsck.k9.helper.ClipboardManager,ClipboardManager,#cccccc,inbound,
com.fsck.k9.mailstore.LocalFolder,Module,com.fsck.k9.mailstore.LocalFolder,LocalFolder,#cccccc,transit,
com.fsck.k9.K9$Intents,Module,com.fsck.k9.K9$Intents,Intents,#cccccc,,
com.fsck.k9.message.AutocryptStatusInteractor$RecipientAutocryptStatus,Module,com.fsck.k9.message.AutocryptStatusInteractor$RecipientAutocryptStatus,RecipientAutocryptStatus,#cccccc,inbound,
com.fsck.k9.preferences.GlobalSettings$SettingsUpgraderV31,Module,com.fsck.k9.preferences.GlobalSettings$SettingsUpgraderV31,SettingsUpgraderV31,#cccccc,hidden,
com.fsck.k9.controller.MessagingControllerCommands$PendingExpunge,Module,com.fsck.k9.controller.MessagingControllerCommands$PendingExpunge,PendingExpunge,#cccccc,inbound,
com.fsck.k9.ui.ContactBadge,Module,com.fsck.k9.ui.ContactBadge,ContactBadge,#cccccc,inbound,
com.fsck.k9.activity.compose.IdentityAdapter$IdentityHolder,Module,com.fsck.k9.activity.compose.IdentityAdapter$IdentityHolder,IdentityHolder,#cccccc,,
com.fsck.k9.provider.EmailProvider$SpecialColumnsCursor,Module,com.fsck.k9.provider.EmailProvider$SpecialColumnsCursor,SpecialColumnsCursor,#cccccc,hidden,
com.fsck.k9.activity.compose.IdentityAdapter$AccountHolder,Module,com.fsck.k9.activity.compose.IdentityAdapter$AccountHolder,AccountHolder,#cccccc,,
com.fsck.k9.helper.K9AlarmManager,Module,com.fsck.k9.helper.K9AlarmManager,K9AlarmManager,#cccccc,transit,
com.fsck.k9.preferences.Settings$PseudoEnumSetting,Module,com.fsck.k9.preferences.Settings$PseudoEnumSetting,PseudoEnumSetting,#cccccc,hidden,
com.fsck.k9.message.quote.HtmlQuoteCreator,Module,com.fsck.k9.message.quote.HtmlQuoteCreator,HtmlQuoteCreator,#cccccc,outbound,
com.fsck.k9.activity.Accounts$ListImportContentsAsyncTask,Module,com.fsck.k9.activity.Accounts$ListImportContentsAsyncTask,ListImportContentsAsyncTask,#cccccc,outbound,
com.fsck.k9.provider.AttachmentProvider$AttachmentProviderColumns,Module,com.fsck.k9.provider.AttachmentProvider$AttachmentProviderColumns,AttachmentProviderColumns,#cccccc,,
com.fsck.k9.activity.K9ActivityCommon$K9ActivityMagic,Module,com.fsck.k9.activity.K9ActivityCommon$K9ActivityMagic,K9ActivityMagic,#cccccc,,
com.fsck.k9.fragment.MessageListFragmentComparators$DateComparator,Module,com.fsck.k9.fragment.MessageListFragmentComparators$DateComparator,DateComparator,#cccccc,,
com.fsck.k9.activity.setup.AccountSetupComposition,Module,com.fsck.k9.activity.setup.AccountSetupComposition,AccountSetupComposition,#cccccc,outbound,
com.fsck.k9.Account$DeletePolicy,Module,com.fsck.k9.Account$DeletePolicy,DeletePolicy,#cccccc,,
com.fsck.k9.provider.MessageProvider$QueryHandler,Module,com.fsck.k9.provider.MessageProvider$QueryHandler,QueryHandler,#cccccc,hidden,
com.fsck.k9.provider.MessageProvider$UnreadQueryHandler,Module,com.fsck.k9.provider.MessageProvider$UnreadQueryHandler,UnreadQueryHandler,#cccccc,outbound,
com.fsck.k9.provider.MessageProvider$SenderExtractor,Module,com.fsck.k9.provider.MessageProvider$SenderExtractor,SenderExtractor,#cccccc,,
com.fsck.k9.helper.ParcelableUtil,Module,com.fsck.k9.helper.ParcelableUtil,ParcelableUtil,#cccccc,inbound,
com.fsck.k9.view.K9WebViewClient,Module,com.fsck.k9.view.K9WebViewClient,K9WebViewClient,#cccccc,hidden,
com.fsck.k9.preferences.CheckBoxListPreference,Module,com.fsck.k9.preferences.CheckBoxListPreference,CheckBoxListPreference,#cccccc,,
com.fsck.k9.activity.ColorPickerDialog$OnColorChangedListener,Module,com.fsck.k9.activity.ColorPickerDialog$OnColorChangedListener,OnColorChangedListener,#cccccc,hidden,
com.fsck.k9.activity.FolderListFilter,Module,com.fsck.k9.activity.FolderListFilter,FolderListFilter,#cccccc,hidden,
com.fsck.k9.provider.MessageProvider$CountExtractor,Module,com.fsck.k9.provider.MessageProvider$CountExtractor,CountExtractor,#cccccc,,
com.fsck.k9.mailstore.MessageHelper,Module,com.fsck.k9.mailstore.MessageHelper,MessageHelper,#cccccc,inbound,
com.fsck.k9.view.MessageHeader$HeaderEntry,Module,com.fsck.k9.view.MessageHeader$HeaderEntry,HeaderEntry,#cccccc,,
com.fsck.k9.provider.MessageProvider$SendDateExtractor,Module,com.fsck.k9.provider.MessageProvider$SendDateExtractor,SendDateExtractor,#cccccc,,
com.fsck.k9.notification.BaseNotifications,Module,com.fsck.k9.notification.BaseNotifications,BaseNotifications,#cccccc,outbound,
com.fsck.k9.activity.misc.ContactPictureLoader,Module,com.fsck.k9.activity.misc.ContactPictureLoader,ContactPictureLoader,#cccccc,outbound,
com.fsck.k9.preferences.SettingsImporter$Imported,Module,com.fsck.k9.preferences.SettingsImporter$Imported,Imported,#cccccc,,
com.fsck.k9.helper.EmailHelper,Module,com.fsck.k9.helper.EmailHelper,EmailHelper,#cccccc,,
com.fsck.k9.mailstore.migrations.MigrationTo49,Module,com.fsck.k9.mailstore.migrations.MigrationTo49,MigrationTo49,#cccccc,,
com.fsck.k9.controller.SimpleMessagingListener,Module,com.fsck.k9.controller.SimpleMessagingListener,SimpleMessagingListener,#cccccc,inbound,
com.fsck.k9.ui.crypto.MessageCryptoHelper,Module,com.fsck.k9.ui.crypto.MessageCryptoHelper,MessageCryptoHelper,#cccccc,transit,
com.fsck.k9.activity.Accounts$ImportAsyncTask,Module,com.fsck.k9.activity.Accounts$ImportAsyncTask,ImportAsyncTask,#cccccc,outbound,
com.fsck.k9.preferences.AccountSettings$IntegerResourceSetting,Module,com.fsck.k9.preferences.AccountSettings$IntegerResourceSetting,IntegerResourceSetting,#cccccc,hidden,
com.fsck.k9.controller.MessagingControllerCommands$PendingSetFlag,Module,com.fsck.k9.controller.MessagingControllerCommands$PendingSetFlag,PendingSetFlag,#cccccc,inbound,
com.fsck.k9.preferences.Settings$ColorSetting,Module,com.fsck.k9.preferences.Settings$ColorSetting,ColorSetting,#cccccc,hidden,
com.fsck.k9.helper.MergeCursor,Module,com.fsck.k9.helper.MergeCursor,MergeCursor,#cccccc,hidden,
com.fsck.k9.preferences.IdentitySettings$OptionalEmailAddressSetting,Module,com.fsck.k9.preferences.IdentitySettings$OptionalEmailAddressSetting,OptionalEmailAddressSetting,#cccccc,outbound,
com.fsck.k9.activity.compose.IdentityAdapter,Module,com.fsck.k9.activity.compose.IdentityAdapter,IdentityAdapter,#cccccc,transit,
com.fsck.k9.autocrypt.AutocryptHeaderParser,Module,com.fsck.k9.autocrypt.AutocryptHeaderParser,AutocryptHeaderParser,#cccccc,hidden,
com.fsck.k9.provider.MessageProvider$MessageInfoHolderRetrieverListener,Module,com.fsck.k9.provider.MessageProvider$MessageInfoHolderRetrieverListener,MessageInfoHolderRetrieverListener,#cccccc,outbound,
com.fsck.k9.activity.compose.RecipientLoader,Module,com.fsck.k9.activity.compose.RecipientLoader,RecipientLoader,#cccccc,outbound,
com.fsck.k9.cache.TemporaryAttachmentStore,Module,com.fsck.k9.cache.TemporaryAttachmentStore,TemporaryAttachmentStore,#cccccc,outbound,
com.fsck.k9.message.SimpleMessageFormat,Module,com.fsck.k9.message.SimpleMessageFormat,SimpleMessageFormat,#cccccc,,
com.fsck.k9.mailstore.migrations.MigrationTo35,Module,com.fsck.k9.mailstore.migrations.MigrationTo35,MigrationTo35,#cccccc,,
com.fsck.k9.ui.messageview.AttachmentController$IntentAndResolvedActivitiesCount,Module,com.fsck.k9.ui.messageview.AttachmentController$IntentAndResolvedActivitiesCount,IntentAndResolvedActivitiesCount,#cccccc,,
com.fsck.k9.mailstore.migrations.MigrationTo51$MimeStructureState,Module,com.fsck.k9.mailstore.migrations.MigrationTo51$MimeStructureState,MimeStructureState,#cccccc,hidden,
com.fsck.k9.mailstore.LocalFolder$MessagePartType,Module,com.fsck.k9.mailstore.LocalFolder$MessagePartType,MessagePartType,#cccccc,,
com.fsck.k9.helper.MessageHelper,Module,com.fsck.k9.helper.MessageHelper,MessageHelper,#cccccc,outbound,
com.fsck.k9.controller.MessagingControllerCommands$PendingMoveOrCopy,Module,com.fsck.k9.controller.MessagingControllerCommands$PendingMoveOrCopy,PendingMoveOrCopy,#cccccc,inbound,
com.fsck.k9.PRNGFixes$LinuxPRNGSecureRandom,Module,com.fsck.k9.PRNGFixes$LinuxPRNGSecureRandom,LinuxPRNGSecureRandom,#cccccc,hidden,
com.fsck.k9.activity.EmailAddressList,Module,com.fsck.k9.activity.EmailAddressList,EmailAddressList,#cccccc,hidden,
com.fsck.k9.mailstore.StorageManager$ExternalStorageProvider,Module,com.fsck.k9.mailstore.StorageManager$ExternalStorageProvider,ExternalStorageProvider,#cccccc,,
com.fsck.k9.preferences.SettingsImporter$ImportedServer,Module,com.fsck.k9.preferences.SettingsImporter$ImportedServer,ImportedServer,#cccccc,,
com.fsck.k9.view.ToolableViewAnimator,Module,com.fsck.k9.view.ToolableViewAnimator,ToolableViewAnimator,#cccccc,inbound,
com.fsck.k9.controller.MessagingControllerCommands$PendingCommand,Module,com.fsck.k9.controller.MessagingControllerCommands$PendingCommand,PendingCommand,#cccccc,hidden,
com.fsck.k9.Throttle,Module,com.fsck.k9.Throttle,Throttle,#cccccc,hidden,
com.fsck.k9.preferences.AccountSettings$RingtoneSetting,Module,com.fsck.k9.preferences.AccountSettings$RingtoneSetting,RingtoneSetting,#cccccc,hidden,
com.fsck.k9.preferences.Settings$V,Module,com.fsck.k9.preferences.Settings$V,V,#cccccc,,
com.fsck.k9.message.extractors.PreviewResult,Module,com.fsck.k9.message.extractors.PreviewResult,PreviewResult,#cccccc,hidden,
com.fsck.k9.K9$Theme,Module,com.fsck.k9.K9$Theme,Theme,#cccccc,,
com.fsck.k9.preferences.SettingsExporter,Module,com.fsck.k9.preferences.SettingsExporter,SettingsExporter,#cccccc,inbound,
com.fsck.k9.activity.Accounts$AccountsImportedDialog,Module,com.fsck.k9.activity.Accounts$AccountsImportedDialog,AccountsImportedDialog,#cccccc,outbound,
com.fsck.k9.activity.Accounts,Module,com.fsck.k9.activity.Accounts,Accounts,#cccccc,outbound,
com.fsck.k9.controller.MemorizingMessagingListener,Module,com.fsck.k9.controller.MemorizingMessagingListener,MemorizingMessagingListener,#cccccc,outbound,
com.fsck.k9.view.MessageWebView$OnPageFinishedListener,Module,com.fsck.k9.view.MessageWebView$OnPageFinishedListener,OnPageFinishedListener,#cccccc,hidden,
com.fsck.k9.message.SimpleMessageBuilder,Module,com.fsck.k9.message.SimpleMessageBuilder,SimpleMessageBuilder,#cccccc,outbound,
com.fsck.k9.controller.MemorizingMessagingListener$Memory,Module,com.fsck.k9.controller.MemorizingMessagingListener$Memory,Memory,#cccccc,,
com.fsck.k9.activity.compose.MessageActions,Module,com.fsck.k9.activity.compose.MessageActions,MessageActions,#cccccc,transit,
com.fsck.k9.mailstore.migrations.MigrationTo36,Module,com.fsck.k9.mailstore.migrations.MigrationTo36,MigrationTo36,#cccccc,,
com.fsck.k9.provider.AttachmentTempFileProvider,Module,com.fsck.k9.provider.AttachmentTempFileProvider,AttachmentTempFileProvider,#cccccc,inbound,
com.fsck.k9.controller.MessagingControllerCommands$PendingMarkAllAsRead,Module,com.fsck.k9.controller.MessagingControllerCommands$PendingMarkAllAsRead,PendingMarkAllAsRead,#cccccc,inbound,
com.fsck.k9.service.MailService,Module,com.fsck.k9.service.MailService,MailService,#cccccc,transit,
com.fsck.k9.service.PushService,Module,com.fsck.k9.service.PushService,PushService,#cccccc,hidden,
com.fsck.k9.activity.misc.SwipeGestureDetector$OnSwipeGestureListener,Module,com.fsck.k9.activity.misc.SwipeGestureDetector$OnSwipeGestureListener,OnSwipeGestureListener,#cccccc,hidden,
com.fsck.k9.preferences.SettingsImporter$ImportResults,Module,com.fsck.k9.preferences.SettingsImporter$ImportResults,ImportResults,#cccccc,,
com.fsck.k9.preferences.SettingsImporter$ImportedSettings,Module,com.fsck.k9.preferences.SettingsImporter$ImportedSettings,ImportedSettings,#cccccc,,
com.fsck.k9.ui.messageview.AttachmentController$ViewAttachmentAsyncTask,Module,com.fsck.k9.ui.messageview.AttachmentController$ViewAttachmentAsyncTask,ViewAttachmentAsyncTask,#cccccc,hidden,
com.fsck.k9.activity.LauncherShortcuts,Module,com.fsck.k9.activity.LauncherShortcuts,LauncherShortcuts,#cccccc,outbound,
com.fsck.k9.preferences.SettingsImporter$ImportContents,Module,com.fsck.k9.preferences.SettingsImporter$ImportContents,ImportContents,#cccccc,,
com.fsck.k9.mailstore.MessageViewInfo,Module,com.fsck.k9.mailstore.MessageViewInfo,MessageViewInfo,#cccccc,hidden,
com.fsck.k9.search.ConditionsTreeNode,Module,com.fsck.k9.search.ConditionsTreeNode,ConditionsTreeNode,#cccccc,inbound,
com.fsck.k9.mailstore.UnavailableStorageException,Module,com.fsck.k9.mailstore.UnavailableStorageException,UnavailableStorageException,#cccccc,hidden,
com.fsck.k9.activity.NotificationDeleteConfirmation,Module,com.fsck.k9.activity.NotificationDeleteConfirmation,NotificationDeleteConfirmation,#cccccc,transit,
com.fsck.k9.activity.FolderList$FolderListAdapter$FolderListFilter,Module,com.fsck.k9.activity.FolderList$FolderListAdapter$FolderListFilter,FolderListFilter,#cccccc,,
com.fsck.k9.provider.EmailProvider$StatsColumns,Module,com.fsck.k9.provider.EmailProvider$StatsColumns,StatsColumns,#cccccc,,
com.fsck.k9.controller.MessagingControllerCommands$PendingEmptyTrash,Module,com.fsck.k9.controller.MessagingControllerCommands$PendingEmptyTrash,PendingEmptyTrash,#cccccc,inbound,
com.fsck.k9.mailstore.migrations.MigrationTo37,Module,com.fsck.k9.mailstore.migrations.MigrationTo37,MigrationTo37,#cccccc,,
com.fsck.k9.preferences.AccountSettings$StorageProviderSetting,Module,com.fsck.k9.preferences.AccountSettings$StorageProviderSetting,StorageProviderSetting,#cccccc,outbound,
com.fsck.k9.K9$BACKGROUND_OPS,Module,com.fsck.k9.K9$BACKGROUND_OPS,BACKGROUND_OPS,#cccccc,,
com.fsck.k9.AccountStats,Module,com.fsck.k9.AccountStats,AccountStats,#cccccc,,
com.fsck.k9.remotecontrol.K9RemoteControl,Module,com.fsck.k9.remotecontrol.K9RemoteControl,K9RemoteControl,#cccccc,,
com.fsck.k9.message.quote.QuoteHelper,Module,com.fsck.k9.message.quote.QuoteHelper,QuoteHelper,#cccccc,outbound,
com.fsck.k9.activity.misc.ContactPictureLoader$FallbackGlideParams,Module,com.fsck.k9.activity.misc.ContactPictureLoader$FallbackGlideParams,FallbackGlideParams,#cccccc,hidden,
com.fsck.k9.fragment.ConfirmationDialogFragment,Module,com.fsck.k9.fragment.ConfirmationDialogFragment,ConfirmationDialogFragment,#cccccc,hidden,
com.fsck.k9.BaseAccount,Module,com.fsck.k9.BaseAccount,BaseAccount,#cccccc,inbound,
com.fsck.k9.fragment.MessageListFragmentComparators$ReverseComparator,Module,com.fsck.k9.fragment.MessageListFragmentComparators$ReverseComparator,ReverseComparator,#cccccc,,
com.fsck.k9.message.html.HttpUriParser,Module,com.fsck.k9.message.html.HttpUriParser,HttpUriParser,#cccccc,hidden,
com.fsck.k9.fragment.ProgressDialogFragment,Module,com.fsck.k9.fragment.ProgressDialogFragment,ProgressDialogFragment,#cccccc,hidden,
com.fsck.k9.message.IdentityHeaderBuilder,Module,com.fsck.k9.message.IdentityHeaderBuilder,IdentityHeaderBuilder,#cccccc,hidden,
com.fsck.k9.helper.jsoup.AdvancedNodeTraversor,Module,com.fsck.k9.helper.jsoup.AdvancedNodeTraversor,AdvancedNodeTraversor,#cccccc,inbound,
com.fsck.k9.activity.compose.RecipientAdapter$RecipientTokenHolder,Module,com.fsck.k9.activity.compose.RecipientAdapter$RecipientTokenHolder,RecipientTokenHolder,#cccccc,,
com.fsck.k9.activity.setup.WelcomeMessage,Module,com.fsck.k9.activity.setup.WelcomeMessage,WelcomeMessage,#cccccc,outbound,
com.fsck.k9.activity.compose.PgpSignOnlyDialog$OnOpenPgpSignOnlyChangeListener,Module,com.fsck.k9.activity.compose.PgpSignOnlyDialog$OnOpenPgpSignOnlyChangeListener,OnOpenPgpSignOnlyChangeListener,#cccccc,hidden,
com.fsck.k9.activity.compose.RecipientPresenter,Module,com.fsck.k9.activity.compose.RecipientPresenter,RecipientPresenter,#cccccc,transit,
com.fsck.k9.mailstore.StorageManager$SamsungGalaxySStorageProvider,Module,com.fsck.k9.mailstore.StorageManager$SamsungGalaxySStorageProvider,SamsungGalaxySStorageProvider,#cccccc,hidden,
com.fsck.k9.activity.K9Activity,Module,com.fsck.k9.activity.K9Activity,K9Activity,#cccccc,inbound,
com.fsck.k9.activity.setup.AccountSetupAccountType,Module,com.fsck.k9.activity.setup.AccountSetupAccountType,AccountSetupAccountType,#cccccc,outbound,
com.fsck.k9.search.SearchSpecification$SearchCondition,Module,com.fsck.k9.search.SearchSpecification$SearchCondition,SearchCondition,#cccccc,,
com.fsck.k9.preferences.GlobalSettings$SettingsUpgraderV24,Module,com.fsck.k9.preferences.GlobalSettings$SettingsUpgraderV24,SettingsUpgraderV24,#cccccc,,
com.fsck.k9.preferences.Settings,Module,com.fsck.k9.preferences.Settings,Settings,#cccccc,hidden,
com.fsck.k9.activity.compose.PgpInlineDialog,Module,com.fsck.k9.activity.compose.PgpInlineDialog,PgpInlineDialog,#cccccc,outbound,
com.fsck.k9.mailstore.StorageManager$InternalStorageProvider,Module,com.fsck.k9.mailstore.StorageManager$InternalStorageProvider,InternalStorageProvider,#cccccc,,
com.fsck.k9.activity.compose.AttachmentPresenter$AttachmentsChangedListener,Module,com.fsck.k9.activity.compose.AttachmentPresenter$AttachmentsChangedListener,AttachmentsChangedListener,#cccccc,hidden,
com.fsck.k9.fragment.MessageListFragmentComparators,Module,com.fsck.k9.fragment.MessageListFragmentComparators,MessageListFragmentComparators,#cccccc,,
com.fsck.k9.search.SearchSpecification,Module,com.fsck.k9.search.SearchSpecification,SearchSpecification,#cccccc,,
com.fsck.k9.activity.misc.NonConfigurationInstance,Module,com.fsck.k9.activity.misc.NonConfigurationInstance,NonConfigurationInstance,#cccccc,inbound,
com.fsck.k9.activity.loader.AttachmentContentLoader,Module,com.fsck.k9.activity.loader.AttachmentContentLoader,AttachmentContentLoader,#cccccc,outbound,
com.fsck.k9.Globals,Module,com.fsck.k9.Globals,Globals,#cccccc,inbound,
com.fsck.k9.activity.compose.ComposeCryptoStatus,Module,com.fsck.k9.activity.compose.ComposeCryptoStatus,ComposeCryptoStatus,#cccccc,transit,
com.fsck.k9.preferences.Settings$SettingsUpgrader,Module,com.fsck.k9.preferences.Settings$SettingsUpgrader,SettingsUpgrader,#cccccc,,
com.fsck.k9.message.html.HtmlConverter$HtmlToTextTagHandler,Module,com.fsck.k9.message.html.HtmlConverter$HtmlToTextTagHandler,HtmlToTextTagHandler,#cccccc,hidden,
com.fsck.k9.activity.setup.OpenPgpAppSelectDialog$OpenPgpProviderEntry,Module,com.fsck.k9.activity.setup.OpenPgpAppSelectDialog$OpenPgpProviderEntry,OpenPgpProviderEntry,#cccccc,hidden,
com.fsck.k9.Account$FolderMode,Module,com.fsck.k9.Account$FolderMode,FolderMode,#cccccc,,
com.fsck.k9.notification.SyncNotifications,Module,com.fsck.k9.notification.SyncNotifications,SyncNotifications,#cccccc,hidden,
com.fsck.k9.power.DeviceIdleManager$RealDeviceIdleManager,Module,com.fsck.k9.power.DeviceIdleManager$RealDeviceIdleManager,RealDeviceIdleManager,#cccccc,hidden,
com.fsck.k9.message.extractors.AttachmentInfoExtractor,Module,com.fsck.k9.message.extractors.AttachmentInfoExtractor,AttachmentInfoExtractor,#cccccc,transit,
com.fsck.k9.activity.FolderList$FolderClickListener,Module,com.fsck.k9.activity.FolderList$FolderClickListener,FolderClickListener,#cccccc,hidden,
com.fsck.k9.preferences.SettingsImporter$AccountDescription,Module,com.fsck.k9.preferences.SettingsImporter$AccountDescription,AccountDescription,#cccccc,,
com.fsck.k9.view.MessageHeader$SavedState,Module,com.fsck.k9.view.MessageHeader$SavedState,SavedState,#cccccc,,
com.fsck.k9.helper.ContactPicture,Module,com.fsck.k9.helper.ContactPicture,ContactPicture,#cccccc,transit,
com.fsck.k9.notification.WearNotifications,Module,com.fsck.k9.notification.WearNotifications,WearNotifications,#cccccc,outbound,
com.fsck.k9.provider.MessageProvider$DeleteUriExtractor,Module,com.fsck.k9.provider.MessageProvider$DeleteUriExtractor,DeleteUriExtractor,#cccccc,outbound,
com.fsck.k9.mailstore.LocalMessage,Module,com.fsck.k9.mailstore.LocalMessage,LocalMessage,#cccccc,inbound,
com.fsck.k9.view.ClientCertificateSpinner,Module,com.fsck.k9.view.ClientCertificateSpinner,ClientCertificateSpinner,#cccccc,inbound,
com.fsck.k9.activity.Accounts$AccountsAdapter$AccountViewHolder,Module,com.fsck.k9.activity.Accounts$AccountsAdapter$AccountViewHolder,AccountViewHolder,#cccccc,,
com.fsck.k9.activity.compose.RecipientMvpView$CryptoSpecialModeDisplayType,Module,com.fsck.k9.activity.compose.RecipientMvpView$CryptoSpecialModeDisplayType,CryptoSpecialModeDisplayType,#cccccc,,
com.fsck.k9.fragment.MessageListFragment$MessageListFragmentListener,Module,com.fsck.k9.fragment.MessageListFragment$MessageListFragmentListener,MessageListFragmentListener,#cccccc,hidden,
com.fsck.k9.preferences.AccountSettings,Module,com.fsck.k9.preferences.AccountSettings,AccountSettings,#cccccc,hidden,
com.fsck.k9.ui.messageview.LockedAttachmentView,Module,com.fsck.k9.ui.messageview.LockedAttachmentView,LockedAttachmentView,#cccccc,outbound,
com.fsck.k9.PRNGFixes$LinuxPRNGSecureRandomProvider,Module,com.fsck.k9.PRNGFixes$LinuxPRNGSecureRandomProvider,LinuxPRNGSecureRandomProvider,#cccccc,,
com.fsck.k9.activity.compose.PgpEncryptDescriptionDialog,Module,com.fsck.k9.activity.compose.PgpEncryptDescriptionDialog,PgpEncryptDescriptionDialog,#cccccc,outbound,
com.fsck.k9.provider.EmailProvider$FolderColumns,Module,com.fsck.k9.provider.EmailProvider$FolderColumns,FolderColumns,#cccccc,,
com.fsck.k9.autocrypt.AutocryptOperations,Module,com.fsck.k9.autocrypt.AutocryptOperations,AutocryptOperations,#cccccc,inbound,
com.fsck.k9.provider.DecryptedFileProvider$DecryptedFileProviderCleanupReceiver,Module,com.fsck.k9.provider.DecryptedFileProvider$DecryptedFileProviderCleanupReceiver,DecryptedFileProviderCleanupReceiver,#cccccc,hidden,
com.fsck.k9.Preferences,Module,com.fsck.k9.Preferences,Preferences,#cccccc,transit,
com.fsck.k9.view.RecipientSelectView$RecipientTokenSpan,Module,com.fsck.k9.view.RecipientSelectView$RecipientTokenSpan,RecipientTokenSpan,#cccccc,,
com.fsck.k9.ui.messageview.MessageCryptoPresenter$MessageCryptoMvpView,Module,com.fsck.k9.ui.messageview.MessageCryptoPresenter$MessageCryptoMvpView,MessageCryptoMvpView,#cccccc,hidden,
com.fsck.k9.notification.SendFailedNotifications,Module,com.fsck.k9.notification.SendFailedNotifications,SendFailedNotifications,#cccccc,hidden,
com.fsck.k9.service.CoreService,Module,com.fsck.k9.service.CoreService,CoreService,#cccccc,inbound,
com.fsck.k9.message.html.HtmlConverter$ListTagHandler,Module,com.fsck.k9.message.html.HtmlConverter$ListTagHandler,ListTagHandler,#cccccc,,
com.fsck.k9.ui.messageview.MessageTopView,Module,com.fsck.k9.ui.messageview.MessageTopView,MessageTopView,#cccccc,outbound,
com.fsck.k9.activity.setup.AuthTypeAdapter,Module,com.fsck.k9.activity.setup.AuthTypeAdapter,AuthTypeAdapter,#cccccc,hidden,
com.fsck.k9.message.MessageBuilder,Module,com.fsck.k9.message.MessageBuilder,MessageBuilder,#cccccc,transit,
com.fsck.k9.ui.compose.QuotedMessageMvpView,Module,com.fsck.k9.ui.compose.QuotedMessageMvpView,QuotedMessageMvpView,#cccccc,outbound,
com.fsck.k9.preferences.Storage,Module,com.fsck.k9.preferences.Storage,Storage,#cccccc,transit,
com.fsck.k9.controller.ProgressBodyFactory,Module,com.fsck.k9.controller.ProgressBodyFactory,ProgressBodyFactory,#cccccc,hidden,
com.fsck.k9.preferences.SettingsImportExportException,Module,com.fsck.k9.preferences.SettingsImportExportException,SettingsImportExportException,#cccccc,,
com.fsck.k9.helper.FileHelper,Module,com.fsck.k9.helper.FileHelper,FileHelper,#cccccc,inbound,
com.fsck.k9.controller.MessagingControllerPushReceiver,Module,com.fsck.k9.controller.MessagingControllerPushReceiver,MessagingControllerPushReceiver,#cccccc,outbound,
com.fsck.k9.activity.Accounts$AccountClickListener,Module,com.fsck.k9.activity.Accounts$AccountClickListener,AccountClickListener,#cccccc,hidden,
com.fsck.k9.helper.MergeCursorWithUniqueId,Module,com.fsck.k9.helper.MergeCursorWithUniqueId,MergeCursorWithUniqueId,#cccccc,hidden,
com.fsck.k9.fragment.MessageListFragment$MessageListActivityListener,Module,com.fsck.k9.fragment.MessageListFragment$MessageListActivityListener,MessageListActivityListener,#cccccc,outbound,
com.fsck.k9.activity.setup.AuthTypeHolder,Module,com.fsck.k9.activity.setup.AuthTypeHolder,AuthTypeHolder,#cccccc,hidden,
com.fsck.k9.mailstore.LocalFolder$MoreMessages,Module,com.fsck.k9.mailstore.LocalFolder$MoreMessages,MoreMessages,#cccccc,hidden,
com.fsck.k9.notification.NotificationActionService,Module,com.fsck.k9.notification.NotificationActionService,NotificationActionService,#cccccc,transit,
com.fsck.k9.notification.RemoveNotificationResult,Module,com.fsck.k9.notification.RemoveNotificationResult,RemoveNotificationResult,#cccccc,hidden,
com.fsck.k9.ui.dialog.ApgDeprecationWarningDialog,Module,com.fsck.k9.ui.dialog.ApgDeprecationWarningDialog,ApgDeprecationWarningDialog,#cccccc,hidden,
com.fsck.k9.fragment.MessageListFragment$FooterViewHolder,Module,com.fsck.k9.fragment.MessageListFragment$FooterViewHolder,FooterViewHolder,#cccccc,,
com.fsck.k9.fragment.MessageListFragmentComparators$ReverseIdComparator,Module,com.fsck.k9.fragment.MessageListFragmentComparators$ReverseIdComparator,ReverseIdComparator,#cccccc,,
com.fsck.k9.message.html.HtmlConverter,Module,com.fsck.k9.message.html.HtmlConverter,HtmlConverter,#cccccc,transit,
com.fsck.k9.helper.UnreadWidgetProperties,Module,com.fsck.k9.helper.UnreadWidgetProperties,UnreadWidgetProperties,#cccccc,transit,
com.fsck.k9.activity.Accounts$AccountsAdapter,Module,com.fsck.k9.activity.Accounts$AccountsAdapter,AccountsAdapter,#cccccc,outbound,
com.fsck.k9.activity.Accounts$AccountsHandler,Module,com.fsck.k9.activity.Accounts$AccountsHandler,AccountsHandler,#cccccc,outbound,
com.fsck.k9.activity.MessageReference,Module,com.fsck.k9.activity.MessageReference,MessageReference,#cccccc,transit,
com.fsck.k9.activity.MessageCompose$Action,Module,com.fsck.k9.activity.MessageCompose$Action,Action,#cccccc,,
com.fsck.k9.message.extractors.AttachmentCounter,Module,com.fsck.k9.message.extractors.AttachmentCounter,AttachmentCounter,#cccccc,hidden,
com.fsck.k9.fragment.AttachmentDownloadDialogFragment$AttachmentDownloadCancelListener,Module,com.fsck.k9.fragment.AttachmentDownloadDialogFragment$AttachmentDownloadCancelListener,AttachmentDownloadCancelListener,#cccccc,hidden,
com.fsck.k9.activity.setup.FontSizeSettings,Module,com.fsck.k9.activity.setup.FontSizeSettings,FontSizeSettings,#cccccc,outbound,
com.fsck.k9.message.signature.HtmlSignatureRemover$StripSignatureFilter,Module,com.fsck.k9.message.signature.HtmlSignatureRemover$StripSignatureFilter,StripSignatureFilter,#cccccc,,
com.fsck.k9.mailstore.MimePartStreamParser$PartBuilder,Module,com.fsck.k9.mailstore.MimePartStreamParser$PartBuilder,PartBuilder,#cccccc,hidden,
com.fsck.k9.provider.MessageProvider$ThrottlingQueryHandler,Module,com.fsck.k9.provider.MessageProvider$ThrottlingQueryHandler,ThrottlingQueryHandler,#cccccc,hidden,
com.fsck.k9.ui.messageview.AttachmentView,Module,com.fsck.k9.ui.messageview.AttachmentView,AttachmentView,#cccccc,outbound,
com.fsck.k9.mailstore.LocalStore,Module,com.fsck.k9.mailstore.LocalStore,LocalStore,#cccccc,transit,
com.fsck.k9.activity.MessageList$StorageListenerImplementation,Module,com.fsck.k9.activity.MessageList$StorageListenerImplementation,StorageListenerImplementation,#cccccc,outbound,
com.fsck.k9.notification.AddNotificationResult,Module,com.fsck.k9.notification.AddNotificationResult,AddNotificationResult,#cccccc,hidden,
com.fsck.k9.ui.messageview.OnCryptoClickListener,Module,com.fsck.k9.ui.messageview.OnCryptoClickListener,OnCryptoClickListener,#cccccc,,
com.fsck.k9.activity.misc.ExtendedAsyncTask,Module,com.fsck.k9.activity.misc.ExtendedAsyncTask,ExtendedAsyncTask,#cccccc,inbound,
com.fsck.k9.view.CryptoModeSelector$CryptoModeSelectorState,Module,com.fsck.k9.view.CryptoModeSelector$CryptoModeSelectorState,CryptoModeSelectorState,#cccccc,,
com.fsck.k9.provider.MessageProvider,Module,com.fsck.k9.provider.MessageProvider,MessageProvider,#cccccc,outbound,
com.fsck.k9.activity.Search,Module,com.fsck.k9.activity.Search,Search,#cccccc,hidden,
com.fsck.k9.preferences.GlobalSettings$LanguageSetting,Module,com.fsck.k9.preferences.GlobalSettings$LanguageSetting,LanguageSetting,#cccccc,hidden,
com.fsck.k9.activity.AccountList,Module,com.fsck.k9.activity.AccountList,AccountList,#cccccc,outbound,
com.fsck.k9.ui.crypto.MessageCryptoAnnotations,Module,com.fsck.k9.ui.crypto.MessageCryptoAnnotations,MessageCryptoAnnotations,#cccccc,inbound,
com.fsck.k9.view.FoldableLinearLayout,Module,com.fsck.k9.view.FoldableLinearLayout,FoldableLinearLayout,#cccccc,hidden,
com.fsck.k9.mailstore.StoreSchemaDefinition,Module,com.fsck.k9.mailstore.StoreSchemaDefinition,StoreSchemaDefinition,#cccccc,hidden,
com.fsck.k9.helper.ReplyToParser,Module,com.fsck.k9.helper.ReplyToParser,ReplyToParser,#cccccc,transit,
com.fsck.k9.notification.DeviceNotifications,Module,com.fsck.k9.notification.DeviceNotifications,DeviceNotifications,#cccccc,outbound,
com.fsck.k9.preferences.Settings$InvalidSettingValueException,Module,com.fsck.k9.preferences.Settings$InvalidSettingValueException,InvalidSettingValueException,#cccccc,,
com.fsck.k9.message.extractors.TextPartFinder,Module,com.fsck.k9.message.extractors.TextPartFinder,TextPartFinder,#cccccc,hidden,
com.fsck.k9.activity.AccountList$LoadAccounts,Module,com.fsck.k9.activity.AccountList$LoadAccounts,LoadAccounts,#cccccc,hidden,
com.fsck.k9.view.RecipientSelectView$RecipientCryptoStatus,Module,com.fsck.k9.view.RecipientSelectView$RecipientCryptoStatus,RecipientCryptoStatus,#cccccc,,
com.fsck.k9.activity.AlternateRecipientAdapter,Module,com.fsck.k9.activity.AlternateRecipientAdapter,AlternateRecipientAdapter,#cccccc,transit,
com.fsck.k9.message.html.UriParser,Module,com.fsck.k9.message.html.UriParser,UriParser,#cccccc,hidden,
com.fsck.k9.preferences.AccountSettings$StringResourceSetting,Module,com.fsck.k9.preferences.AccountSettings$StringResourceSetting,StringResourceSetting,#cccccc,hidden,
com.fsck.k9.activity.compose.AttachmentPresenter$WaitingAction,Module,com.fsck.k9.activity.compose.AttachmentPresenter$WaitingAction,WaitingAction,#cccccc,,
com.fsck.k9.helper.RetainFragment,Module,com.fsck.k9.helper.RetainFragment,RetainFragment,#cccccc,inbound,
com.fsck.k9.mailstore.LockableDatabase$StorageListener,Module,com.fsck.k9.mailstore.LockableDatabase$StorageListener,StorageListener,#cccccc,hidden,
com.fsck.k9.provider.MessageProvider$AccountColorExtractor,Module,com.fsck.k9.provider.MessageProvider$AccountColorExtractor,AccountColorExtractor,#cccccc,outbound,
com.fsck.k9.fragment.MessageViewHolder,Module,com.fsck.k9.fragment.MessageViewHolder,MessageViewHolder,#cccccc,hidden,
com.fsck.k9.message.IdentityHeaderParser,Module,com.fsck.k9.message.IdentityHeaderParser,IdentityHeaderParser,#cccccc,inbound,
com.fsck.k9.K9$Intents$EmailReceived,Module,com.fsck.k9.K9$Intents$EmailReceived,EmailReceived,#cccccc,,
com.fsck.k9.activity.compose.RecipientPresenter$RecipientsChangedListener,Module,com.fsck.k9.activity.compose.RecipientPresenter$RecipientsChangedListener,RecipientsChangedListener,#cccccc,hidden,
com.fsck.k9.activity.Accounts$ACCOUNT_LOCATION,Module,com.fsck.k9.activity.Accounts$ACCOUNT_LOCATION,ACCOUNT_LOCATION,#cccccc,,
com.fsck.k9.activity.compose.PgpSignOnlyDialog,Module,com.fsck.k9.activity.compose.PgpSignOnlyDialog,PgpSignOnlyDialog,#cccccc,outbound,
com.fsck.k9.activity.ColorPickerDialog,Module,com.fsck.k9.activity.ColorPickerDialog,ColorPickerDialog,#cccccc,hidden,
com.fsck.k9.activity.MessageList$DisplayMode,Module,com.fsck.k9.activity.MessageList$DisplayMode,DisplayMode,#cccccc,,
com.fsck.k9.activity.K9PreferenceActivity,Module,com.fsck.k9.activity.K9PreferenceActivity,K9PreferenceActivity,#cccccc,transit,
com.fsck.k9.provider.EmailProvider$InternalMessageColumns,Module,com.fsck.k9.provider.EmailProvider$InternalMessageColumns,InternalMessageColumns,#cccccc,,
com.fsck.k9.FontSizes,Module,com.fsck.k9.FontSizes,FontSizes,#cccccc,transit,
com.fsck.k9.message.extractors.PreviewExtractionException,Module,com.fsck.k9.message.extractors.PreviewExtractionException,PreviewExtractionException,#cccccc,,
com.fsck.k9.power.DeviceIdleManager,Module,com.fsck.k9.power.DeviceIdleManager,DeviceIdleManager,#cccccc,inbound,
com.fsck.k9.ui.messageview.MessageContainerView,Module,com.fsck.k9.ui.messageview.MessageContainerView,MessageContainerView,#cccccc,outbound,
com.fsck.k9.activity.compose.RecipientMvpView,Module,com.fsck.k9.activity.compose.RecipientMvpView,RecipientMvpView,#cccccc,outbound,
com.fsck.k9.notification.NotificationContent,Module,com.fsck.k9.notification.NotificationContent,NotificationContent,#cccccc,,
com.fsck.k9.ui.crypto.MessageCryptoHelper$CryptoPartType,Module,com.fsck.k9.ui.crypto.MessageCryptoHelper$CryptoPartType,CryptoPartType,#cccccc,,
com.fsck.k9.notification.NotificationData,Module,com.fsck.k9.notification.NotificationData,NotificationData,#cccccc,outbound,
com.fsck.k9.activity.setup.Prefs,Module,com.fsck.k9.activity.setup.Prefs,Prefs,#cccccc,transit,
com.fsck.k9.activity.FolderInfoHolder,Module,com.fsck.k9.activity.FolderInfoHolder,FolderInfoHolder,#cccccc,transit,
com.fsck.k9.activity.compose.RecipientAdapter,Module,com.fsck.k9.activity.compose.RecipientAdapter,RecipientAdapter,#cccccc,transit,
com.fsck.k9.provider.MessageProvider$IncrementExtractor,Module,com.fsck.k9.provider.MessageProvider$IncrementExtractor,IncrementExtractor,#cccccc,,
com.fsck.k9.message.extractors.BodyTextExtractor,Module,com.fsck.k9.message.extractors.BodyTextExtractor,BodyTextExtractor,#cccccc,outbound,
com.fsck.k9.service.ShutdownReceiver,Module,com.fsck.k9.service.ShutdownReceiver,ShutdownReceiver,#cccccc,hidden,
com.fsck.k9.activity.FolderList$FolderViewHolder,Module,com.fsck.k9.activity.FolderList$FolderViewHolder,FolderViewHolder,#cccccc,,
com.fsck.k9.activity.Accounts$SimpleDialog,Module,com.fsck.k9.activity.Accounts$SimpleDialog,SimpleDialog,#cccccc,hidden,
com.fsck.k9.preferences.SettingsImporter$ImportedAccount,Module,com.fsck.k9.preferences.SettingsImporter$ImportedAccount,ImportedAccount,#cccccc,,
com.fsck.k9.activity.loader.AttachmentInfoLoader,Module,com.fsck.k9.activity.loader.AttachmentInfoLoader,AttachmentInfoLoader,#cccccc,outbound,
com.fsck.k9.remotecontrol.K9AccountReceptor,Module,com.fsck.k9.remotecontrol.K9AccountReceptor,K9AccountReceptor,#cccccc,hidden,
com.fsck.k9.activity.ActivityListener,Module,com.fsck.k9.activity.ActivityListener,ActivityListener,#cccccc,transit,
com.fsck.k9.notification.AuthenticationErrorNotifications,Module,com.fsck.k9.notification.AuthenticationErrorNotifications,AuthenticationErrorNotifications,#cccccc,outbound,
com.fsck.k9.helper.ExceptionHelper,Module,com.fsck.k9.helper.ExceptionHelper,ExceptionHelper,#cccccc,,
com.fsck.k9.autocrypt.AutocryptOpenPgpApiInteractor,Module,com.fsck.k9.autocrypt.AutocryptOpenPgpApiInteractor,AutocryptOpenPgpApiInteractor,#cccccc,inbound,
com.fsck.k9.view.ClientCertificateSpinner$OnClientCertificateChangedListener,Module,com.fsck.k9.view.ClientCertificateSpinner$OnClientCertificateChangedListener,OnClientCertificateChangedListener,#cccccc,,
com.fsck.k9.widget.list.MessageListRemoteViewFactory$MailItem,Module,com.fsck.k9.widget.list.MessageListRemoteViewFactory$MailItem,MailItem,#cccccc,,
com.fsck.k9.provider.MessageProvider$HasAttachmentsExtractor,Module,com.fsck.k9.provider.MessageProvider$HasAttachmentsExtractor,HasAttachmentsExtractor,#cccccc,outbound,
com.fsck.k9.crypto.OpenPgpApiHelper,Module,com.fsck.k9.crypto.OpenPgpApiHelper,OpenPgpApiHelper,#cccccc,outbound,
com.fsck.k9.helper.MailTo,Module,com.fsck.k9.helper.MailTo,MailTo,#cccccc,inbound,
com.fsck.k9.cache.EmailProviderCacheCursor,Module,com.fsck.k9.cache.EmailProviderCacheCursor,EmailProviderCacheCursor,#cccccc,hidden,
com.fsck.k9.preferences.SettingsImporter$ImportedServerSettings,Module,com.fsck.k9.preferences.SettingsImporter$ImportedServerSettings,ImportedServerSettings,#cccccc,hidden,
com.fsck.k9.activity.AccountList$AccountsAdapter$AccountViewHolder,Module,com.fsck.k9.activity.AccountList$AccountsAdapter$AccountViewHolder,AccountViewHolder,#cccccc,,
com.fsck.k9.provider.EmailProvider,Module,com.fsck.k9.provider.EmailProvider,EmailProvider,#cccccc,outbound,
com.fsck.k9.mailstore.MessageRemovalListener,Module,com.fsck.k9.mailstore.MessageRemovalListener,MessageRemovalListener,#cccccc,,
com.fsck.k9.activity.setup.ConnectionSecurityHolder,Module,com.fsck.k9.activity.setup.ConnectionSecurityHolder,ConnectionSecurityHolder,#cccccc,hidden,
com.fsck.k9.activity.UpgradeDatabases,Module,com.fsck.k9.activity.UpgradeDatabases,UpgradeDatabases,#cccccc,outbound,
com.fsck.k9.mailstore.AttachmentViewInfo,Module,com.fsck.k9.mailstore.AttachmentViewInfo,AttachmentViewInfo,#cccccc,inbound,
com.fsck.k9.provider.MessageProvider$IdExtractor,Module,com.fsck.k9.provider.MessageProvider$IdExtractor,IdExtractor,#cccccc,outbound,
com.fsck.k9.search.SearchSpecification$Attribute,Module,com.fsck.k9.search.SearchSpecification$Attribute,Attribute,#cccccc,,
com.fsck.k9.ui.message.LocalMessageExtractorLoader,Module,com.fsck.k9.ui.message.LocalMessageExtractorLoader,LocalMessageExtractorLoader,#cccccc,transit,
com.fsck.k9.message.quote.InsertableHtmlContent$InsertionLocation,Module,com.fsck.k9.message.quote.InsertableHtmlContent$InsertionLocation,InsertionLocation,#cccccc,,
com.fsck.k9.provider.EmailProvider$MessageColumns,Module,com.fsck.k9.provider.EmailProvider$MessageColumns,MessageColumns,#cccccc,,
com.fsck.k9.power.DeviceIdleReceiver,Module,com.fsck.k9.power.DeviceIdleReceiver,DeviceIdleReceiver,#cccccc,outbound,
com.fsck.k9.activity.misc.Attachment,Module,com.fsck.k9.activity.misc.Attachment,Attachment,#cccccc,inbound,
com.fsck.k9.activity.compose.IdentityAdapter$IdentityContainer,Module,com.fsck.k9.activity.compose.IdentityAdapter$IdentityContainer,IdentityContainer,#cccccc,,
com.fsck.k9.Account$ShowPictures,Module,com.fsck.k9.Account$ShowPictures,ShowPictures,#cccccc,,
com.fsck.k9.activity.UpgradeDatabases$UpgradeDatabaseBroadcastReceiver,Module,com.fsck.k9.activity.UpgradeDatabases$UpgradeDatabaseBroadcastReceiver,UpgradeDatabaseBroadcastReceiver,#cccccc,outbound,
com.fsck.k9.activity.EditIdentity,Module,com.fsck.k9.activity.EditIdentity,EditIdentity,#cccccc,outbound,
com.fsck.k9.helper.UrlEncodingHelper,Module,com.fsck.k9.helper.UrlEncodingHelper,UrlEncodingHelper,#cccccc,inbound,
com.fsck.k9.preferences.GlobalSettings$ThemeSetting,Module,com.fsck.k9.preferences.GlobalSettings$ThemeSetting,ThemeSetting,#cccccc,hidden,
com.fsck.k9.mailstore.migrations.MigrationTo50,Module,com.fsck.k9.mailstore.migrations.MigrationTo50,MigrationTo50,#cccccc,hidden,
com.fsck.k9.activity.setup.AccountSetupBasics,Module,com.fsck.k9.activity.setup.AccountSetupBasics,AccountSetupBasics,#cccccc,transit,
com.fsck.k9.helper.MailTo$CaseInsensitiveParamWrapper,Module,com.fsck.k9.helper.MailTo$CaseInsensitiveParamWrapper,CaseInsensitiveParamWrapper,#cccccc,hidden,
com.fsck.k9.mailstore.DeferredFileBody,Module,com.fsck.k9.mailstore.DeferredFileBody,DeferredFileBody,#cccccc,outbound,
com.fsck.k9.fragment.MessageListFragmentComparators$FlaggedComparator,Module,com.fsck.k9.fragment.MessageListFragmentComparators$FlaggedComparator,FlaggedComparator,#cccccc,,
com.fsck.k9.view.HighlightDialogFragment,Module,com.fsck.k9.view.HighlightDialogFragment,HighlightDialogFragment,#cccccc,inbound,
com.fsck.k9.activity.AccountList$AccountsAdapter,Module,com.fsck.k9.activity.AccountList$AccountsAdapter,AccountsAdapter,#cccccc,outbound,
com.fsck.k9.service.SleepService,Module,com.fsck.k9.service.SleepService,SleepService,#cccccc,inbound,
com.fsck.k9.helper.FileBrowserHelper$FileBrowserFailOverCallback,Module,com.fsck.k9.helper.FileBrowserHelper$FileBrowserFailOverCallback,FileBrowserFailOverCallback,#cccccc,hidden,
com.fsck.k9.view.MessageHeader$OnLayoutChangedListener,Module,com.fsck.k9.view.MessageHeader$OnLayoutChangedListener,OnLayoutChangedListener,#cccccc,hidden,
com.fsck.k9.mailstore.migrations.MigrationTo51,Module,com.fsck.k9.mailstore.migrations.MigrationTo51,MigrationTo51,#cccccc,outbound,
com.fsck.k9.ui.messageview.AttachmentController,Module,com.fsck.k9.ui.messageview.AttachmentController,AttachmentController,#cccccc,outbound,
com.fsck.k9.mailstore.TempFileBody,Module,com.fsck.k9.mailstore.TempFileBody,TempFileBody,#cccccc,hidden,
com.fsck.k9.ui.crypto.MessageCryptoHelper$CryptoPart,Module,com.fsck.k9.ui.crypto.MessageCryptoHelper$CryptoPart,CryptoPart,#cccccc,,
com.fsck.k9.Identity,Module,com.fsck.k9.Identity,Identity,#cccccc,inbound,
com.fsck.k9.Account,Module,com.fsck.k9.Account,Account,#cccccc,transit,
com.fsck.k9.mailstore.StorageManager$FixedStorageProviderBase,Module,com.fsck.k9.mailstore.StorageManager$FixedStorageProviderBase,FixedStorageProviderBase,#cccccc,hidden,
com.fsck.k9.view.ThemeUtils,Module,com.fsck.k9.view.ThemeUtils,ThemeUtils,#cccccc,inbound,
com.fsck.k9.provider.MessageProvider$UriExtractor,Module,com.fsck.k9.provider.MessageProvider$UriExtractor,UriExtractor,#cccccc,,
com.fsck.k9.activity.MessageCompose$SendMessageTask,Module,com.fsck.k9.activity.MessageCompose$SendMessageTask,SendMessageTask,#cccccc,outbound,
com.fsck.k9.activity.setup.AccountSetupCheckSettings$CheckDirection,Module,com.fsck.k9.activity.setup.AccountSetupCheckSettings$CheckDirection,CheckDirection,#cccccc,,
com.fsck.k9.Account$SortType,Module,com.fsck.k9.Account$SortType,SortType,#cccccc,inbound,
com.fsck.k9.activity.setup.OpenPgpAppSelectDialog$ApgDeprecationDialogFragment,Module,com.fsck.k9.activity.setup.OpenPgpAppSelectDialog$ApgDeprecationDialogFragment,ApgDeprecationDialogFragment,#cccccc,hidden,
com.fsck.k9.provider.EmailProvider$SpecialColumns,Module,com.fsck.k9.provider.EmailProvider$SpecialColumns,SpecialColumns,#cccccc,,
com.fsck.k9.Account$Expunge,Module,com.fsck.k9.Account$Expunge,Expunge,#cccccc,,
com.fsck.k9.activity.Accounts$MoveAccountAsyncTask,Module,com.fsck.k9.activity.Accounts$MoveAccountAsyncTask,MoveAccountAsyncTask,#cccccc,outbound,
com.fsck.k9.activity.FolderList,Module,com.fsck.k9.activity.FolderList,FolderList,#cccccc,transit,
com.fsck.k9.mailstore.LocalBodyPart,Module,com.fsck.k9.mailstore.LocalBodyPart,LocalBodyPart,#cccccc,,
com.fsck.k9.preferences.Settings$EnumSetting,Module,com.fsck.k9.preferences.Settings$EnumSetting,EnumSetting,#cccccc,hidden,
com.fsck.k9.helper.ContactItem,Module,com.fsck.k9.helper.ContactItem,ContactItem,#cccccc,,
com.fsck.k9.provider.MessageProvider$UnreadExtractor,Module,com.fsck.k9.provider.MessageProvider$UnreadExtractor,UnreadExtractor,#cccccc,,
com.fsck.k9.ui.ContactBadge$QueryHandler,Module,com.fsck.k9.ui.ContactBadge$QueryHandler,QueryHandler,#cccccc,hidden,
com.fsck.k9.activity.setup.AccountSetupNames,Module,com.fsck.k9.activity.setup.AccountSetupNames,AccountSetupNames,#cccccc,outbound,
com.fsck.k9.message.extractors.PreviewResult$PreviewType,Module,com.fsck.k9.message.extractors.PreviewResult$PreviewType,PreviewType,#cccccc,,
com.fsck.k9.preferences.GlobalSettings,Module,com.fsck.k9.preferences.GlobalSettings,GlobalSettings,#cccccc,hidden,
com.fsck.k9.preferences.Settings$SettingsDescription,Module,com.fsck.k9.preferences.Settings$SettingsDescription,SettingsDescription,#cccccc,hidden,
com.fsck.k9.mailstore.LockableDatabase$WrappedException,Module,com.fsck.k9.mailstore.LockableDatabase$WrappedException,WrappedException,#cccccc,,
com.fsck.k9.view.MessageWebView,Module,com.fsck.k9.view.MessageWebView,MessageWebView,#cccccc,inbound,
com.fsck.k9.service.CoreReceiver,Module,com.fsck.k9.service.CoreReceiver,CoreReceiver,#cccccc,hidden,
com.fsck.k9.fragment.MessageListAdapter,Module,com.fsck.k9.fragment.MessageListAdapter,MessageListAdapter,#cccccc,outbound,
com.fsck.k9.fragment.MessageListFragmentComparators$SubjectComparator,Module,com.fsck.k9.fragment.MessageListFragmentComparators$SubjectComparator,SubjectComparator,#cccccc,,
com.fsck.k9.mailstore.migrations.MigrationTo52,Module,com.fsck.k9.mailstore.migrations.MigrationTo52,MigrationTo52,#cccccc,,
com.fsck.k9.autocrypt.AutocryptHeader,Module,com.fsck.k9.autocrypt.AutocryptHeader,AutocryptHeader,#cccccc,hidden,
com.fsck.k9.ui.EolConvertingEditText,Module,com.fsck.k9.ui.EolConvertingEditText,EolConvertingEditText,#cccccc,inbound,
com.fsck.k9.fragment.MessageListFragment$ActionModeCallback,Module,com.fsck.k9.fragment.MessageListFragment$ActionModeCallback,ActionModeCallback,#cccccc,outbound,
com.fsck.k9.activity.AlternateRecipientAdapter$RecipientTokenHolder,Module,com.fsck.k9.activity.AlternateRecipientAdapter$RecipientTokenHolder,RecipientTokenHolder,#cccccc,,
com.fsck.k9.provider.MessageProvider$MessageColumns,Module,com.fsck.k9.provider.MessageProvider$MessageColumns,MessageColumns,#cccccc,,
com.fsck.k9.activity.ChooseFolder,Module,com.fsck.k9.activity.ChooseFolder,ChooseFolder,#cccccc,hidden,
com.fsck.k9.message.AutocryptStatusInteractor$RecipientAutocryptStatusType,Module,com.fsck.k9.message.AutocryptStatusInteractor$RecipientAutocryptStatusType,RecipientAutocryptStatusType,#cccccc,inbound,
com.fsck.k9.message.PgpMessageBuilder,Module,com.fsck.k9.message.PgpMessageBuilder,PgpMessageBuilder,#cccccc,outbound,
com.fsck.k9.activity.FolderList$FolderListAdapter,Module,com.fsck.k9.activity.FolderList$FolderListAdapter,FolderListAdapter,#cccccc,outbound,
com.fsck.k9.NotificationSetting,Module,com.fsck.k9.NotificationSetting,NotificationSetting,#cccccc,inbound,
com.fsck.k9.search.SearchSpecification$SearchField,Module,com.fsck.k9.search.SearchSpecification$SearchField,SearchField,#cccccc,,
com.fsck.k9.message.html.HeadCleaner$CleaningVisitor,Module,com.fsck.k9.message.html.HeadCleaner$CleaningVisitor,CleaningVisitor,#cccccc,hidden,
com.fsck.k9.message.extractors.PreviewTextExtractor,Module,com.fsck.k9.message.extractors.PreviewTextExtractor,PreviewTextExtractor,#cccccc,outbound,
com.fsck.k9.fragment.MessageListFragmentComparators$UnreadComparator,Module,com.fsck.k9.fragment.MessageListFragmentComparators$UnreadComparator,UnreadComparator,#cccccc,,
com.fsck.k9.provider.MessageProvider$UnreadColumns,Module,com.fsck.k9.provider.MessageProvider$UnreadColumns,UnreadColumns,#cccccc,,
com.fsck.k9.activity.setup.AccountSetupOutgoing,Module,com.fsck.k9.activity.setup.AccountSetupOutgoing,AccountSetupOutgoing,#cccccc,transit,
com.fsck.k9.message.TextBodyBuilder,Module,com.fsck.k9.message.TextBodyBuilder,TextBodyBuilder,#cccccc,outbound,
com.fsck.k9.provider.MessageProvider$AccountsQueryHandler,Module,com.fsck.k9.provider.MessageProvider$AccountsQueryHandler,AccountsQueryHandler,#cccccc,outbound,
com.fsck.k9.activity.compose.AttachmentPresenter,Module,com.fsck.k9.activity.compose.AttachmentPresenter,AttachmentPresenter,#cccccc,transit,
com.fsck.k9.provider.MessageProvider$HasStarExtractor,Module,com.fsck.k9.provider.MessageProvider$HasStarExtractor,HasStarExtractor,#cccccc,,
com.fsck.k9.helper.FileBrowserHelper,Module,com.fsck.k9.helper.FileBrowserHelper,FileBrowserHelper,#cccccc,inbound,
com.fsck.k9.helper.Preconditions,Module,com.fsck.k9.helper.Preconditions,Preconditions,#cccccc,inbound,
com.fsck.k9.notification.CertificateErrorNotifications,Module,com.fsck.k9.notification.CertificateErrorNotifications,CertificateErrorNotifications,#cccccc,outbound,
com.fsck.k9.ui.messageview.AttachmentController$SaveAttachmentAsyncTask,Module,com.fsck.k9.ui.messageview.AttachmentController$SaveAttachmentAsyncTask,SaveAttachmentAsyncTask,#cccccc,hidden,
com.fsck.k9.preferences.SettingsImporter$ImportedIdentity,Module,com.fsck.k9.preferences.SettingsImporter$ImportedIdentity,ImportedIdentity,#cccccc,,
com.fsck.k9.preferences.IdentitySettings,Module,com.fsck.k9.preferences.IdentitySettings,IdentitySettings,#cccccc,outbound,
com.fsck.k9.Clock,Module,com.fsck.k9.Clock,Clock,#cccccc,inbound,
com.fsck.k9.provider.MessageProvider$AccountColumns,Module,com.fsck.k9.provider.MessageProvider$AccountColumns,AccountColumns,#cccccc,,
com.fsck.k9.helper.jsoup.NodeFilter$TailFilterDecision,Module,com.fsck.k9.helper.jsoup.NodeFilter$TailFilterDecision,TailFilterDecision,#cccccc,,
com.fsck.k9.notification.NotificationController,Module,com.fsck.k9.notification.NotificationController,NotificationController,#cccccc,transit,
com.fsck.k9.notification.NotificationActionCreator,Module,com.fsck.k9.notification.NotificationActionCreator,NotificationActionCreator,#cccccc,outbound,
com.fsck.k9.activity.K9ActivityCommon,Module,com.fsck.k9.activity.K9ActivityCommon,K9ActivityCommon,#cccccc,outbound,
com.fsck.k9.search.SearchAccount,Module,com.fsck.k9.search.SearchAccount,SearchAccount,#cccccc,inbound,
com.fsck.k9.ui.message.LocalMessageLoader,Module,com.fsck.k9.ui.message.LocalMessageLoader,LocalMessageLoader,#cccccc,outbound,
com.fsck.k9.ui.messageview.DownloadImageTask,Module,com.fsck.k9.ui.messageview.DownloadImageTask,DownloadImageTask,#cccccc,outbound,
com.fsck.k9.activity.setup.ConnectionSecurityAdapter,Module,com.fsck.k9.activity.setup.ConnectionSecurityAdapter,ConnectionSecurityAdapter,#cccccc,hidden,
com.fsck.k9.activity.setup.AccountSetupOptions,Module,com.fsck.k9.activity.setup.AccountSetupOptions,AccountSetupOptions,#cccccc,outbound,
com.fsck.k9.mailstore.util.FileFactory,Module,com.fsck.k9.mailstore.util.FileFactory,FileFactory,#cccccc,inbound,
com.fsck.k9.mailstore.MessageViewInfoExtractor,Module,com.fsck.k9.mailstore.MessageViewInfoExtractor,MessageViewInfoExtractor,#cccccc,transit,
com.fsck.k9.message.html.EthereumUriParser,Module,com.fsck.k9.message.html.EthereumUriParser,EthereumUriParser,#cccccc,,
com.fsck.k9.cache.EmailProviderCache,Module,com.fsck.k9.cache.EmailProviderCache,EmailProviderCache,#cccccc,transit,
com.fsck.k9.mailstore.migrations.MigrationTo60,Module,com.fsck.k9.mailstore.migrations.MigrationTo60,MigrationTo60,#cccccc,outbound,
com.fsck.k9.view.RigidWebView,Module,com.fsck.k9.view.RigidWebView,RigidWebView,#cccccc,outbound,
com.fsck.k9.helper.jsoup.AdvancedNodeTraversor$FilterResult,Module,com.fsck.k9.helper.jsoup.AdvancedNodeTraversor$FilterResult,FilterResult,#cccccc,,
com.fsck.k9.service.SleepService$SleepDatum,Module,com.fsck.k9.service.SleepService$SleepDatum,SleepDatum,#cccccc,,
com.fsck.k9.K9$SplitViewMode,Module,com.fsck.k9.K9$SplitViewMode,SplitViewMode,#cccccc,,
com.fsck.k9.provider.UnreadWidgetProvider,Module,com.fsck.k9.provider.UnreadWidgetProvider,UnreadWidgetProvider,#cccccc,outbound,
com.fsck.k9.view.NonLockingScrollView$HierarchyTreeChangeListener,Module,com.fsck.k9.view.NonLockingScrollView$HierarchyTreeChangeListener,HierarchyTreeChangeListener,#cccccc,hidden,
com.fsck.k9.ui.messageview.CryptoInfoDialog,Module,com.fsck.k9.ui.messageview.CryptoInfoDialog,CryptoInfoDialog,#cccccc,hidden,
com.fsck.k9.fragment.ProgressDialogFragment$CancelListener,Module,com.fsck.k9.fragment.ProgressDialogFragment$CancelListener,CancelListener,#cccccc,hidden,
com.fsck.k9.power.DeviceIdleManager$NoOpDeviceIdleManager,Module,com.fsck.k9.power.DeviceIdleManager$NoOpDeviceIdleManager,NoOpDeviceIdleManager,#cccccc,hidden,
com.fsck.k9.activity.MessageCompose,Module,com.fsck.k9.activity.MessageCompose,MessageCompose,#cccccc,transit,
com.fsck.k9.message.signature.TextSignatureRemover,Module,com.fsck.k9.message.signature.TextSignatureRemover,TextSignatureRemover,#cccccc,inbound,
com.fsck.k9.activity.setup.OpenPgpAppSelectDialog$OpenPgpAppSelectFragment,Module,com.fsck.k9.activity.setup.OpenPgpAppSelectDialog$OpenPgpAppSelectFragment,OpenPgpAppSelectFragment,#cccccc,outbound,
com.fsck.k9.message.IdentityField,Module,com.fsck.k9.message.IdentityField,IdentityField,#cccccc,hidden,
com.fsck.k9.view.CryptoModeSelector$CryptoStatusSelectedListener,Module,com.fsck.k9.view.CryptoModeSelector$CryptoStatusSelectedListener,CryptoStatusSelectedListener,#cccccc,,
com.fsck.k9.activity.setup.FolderSettings,Module,com.fsck.k9.activity.setup.FolderSettings,FolderSettings,#cccccc,outbound,
com.fsck.k9.preferences.AccountSettings$DeletePolicySetting,Module,com.fsck.k9.preferences.AccountSettings$DeletePolicySetting,DeletePolicySetting,#cccccc,hidden,
com.fsck.k9.mailstore.LockableDatabase$DbCallback,Module,com.fsck.k9.mailstore.LockableDatabase$DbCallback,DbCallback,#cccccc,,
com.fsck.k9.mailstore.migrations.MigrationTo61,Module,com.fsck.k9.mailstore.migrations.MigrationTo61,MigrationTo61,#cccccc,,
com.fsck.k9.notification.LockScreenNotification,Module,com.fsck.k9.notification.LockScreenNotification,LockScreenNotification,#cccccc,hidden,
com.fsck.k9.activity.compose.RecipientPresenter$CryptoProviderState,Module,com.fsck.k9.activity.compose.RecipientPresenter$CryptoProviderState,CryptoProviderState,#cccccc,,
com.fsck.k9.fragment.MessageListFragmentComparators$AttachmentComparator,Module,com.fsck.k9.fragment.MessageListFragmentComparators$AttachmentComparator,AttachmentComparator,#cccccc,,
com.fsck.k9.mailstore.LocalFolder$PreferencesHolder,Module,com.fsck.k9.mailstore.LocalFolder$PreferencesHolder,PreferencesHolder,#cccccc,,
com.fsck.k9.activity.setup.SliderPreference,Module,com.fsck.k9.activity.setup.SliderPreference,SliderPreference,#cccccc,hidden,
com.fsck.k9.activity.ChooseIdentity,Module,com.fsck.k9.activity.ChooseIdentity,ChooseIdentity,#cccccc,outbound,
com.fsck.k9.preferences.SettingsImporter$AccountDescriptionPair,Module,com.fsck.k9.preferences.SettingsImporter$AccountDescriptionPair,AccountDescriptionPair,#cccccc,,
com.fsck.k9.widget.list.MessageListWidgetProvider,Module,com.fsck.k9.widget.list.MessageListWidgetProvider,MessageListWidgetProvider,#cccccc,hidden,
com.fsck.k9.K9$Intents$Share,Module,com.fsck.k9.K9$Intents$Share,Share,#cccccc,,
com.fsck.k9.provider.MessageProvider$SubjectExtractor,Module,com.fsck.k9.provider.MessageProvider$SubjectExtractor,SubjectExtractor,#cccccc,outbound,
com.fsck.k9.view.FoldableLinearLayout$SavedState,Module,com.fsck.k9.view.FoldableLinearLayout$SavedState,SavedState,#cccccc,,
com.fsck.k9.controller.UidReverseComparator,Module,com.fsck.k9.controller.UidReverseComparator,UidReverseComparator,#cccccc,hidden,
com.fsck.k9.preferences.SettingsImporter$ImportedFolder,Module,com.fsck.k9.preferences.SettingsImporter$ImportedFolder,ImportedFolder,#cccccc,,
com.fsck.k9.ui.crypto.MessageCryptoHelper$State,Module,com.fsck.k9.ui.crypto.MessageCryptoHelper$State,State,#cccccc,,
com.fsck.k9.mailstore.LocalFolder$PartContainer,Module,com.fsck.k9.mailstore.LocalFolder$PartContainer,PartContainer,#cccccc,,
com.fsck.k9.service.DatabaseUpgradeService,Module,com.fsck.k9.service.DatabaseUpgradeService,DatabaseUpgradeService,#cccccc,hidden,
com.fsck.k9.mailstore.LocalFolder$DataLocation,Module,com.fsck.k9.mailstore.LocalFolder$DataLocation,DataLocation,#cccccc,,
